5E
40
05
06
02
02
0A
20
38
45
4D
51
53
55
50
4A
36
23
0D
11
22
1C
10
27
29
0D
22
1D
23
23
20
2D
59
14
07
05
03
09
16
33
3D
47
4E
53
56
58
57
54
4E
38
1D
11
26
20
34
3A
29
17
18
1D
1A
24
22
1D
55
0E
10
00
04
11
23
37
3F
47
51
56
5C
5B
5C
5B
59
4E
33
19
1E
26
27
34
33
20
1A
1B
18
15
2C
21
3D
05
01
06
02
10
2C
3E
45
4C
52
57
5B
5B
5D
5D
5B
5A
48
32
1C
2B
2D
25
42
2C
29
12
24
20
1B
30
1F
03
06
04
04
10
31
3D
48
4E
52
57
5A
5D
5F
60
5F
60
56
45
3C
26
2D
29
31
3C
27
19
1D
24
22
21
10
05
07
0A
02
1B
36
41
46
4D
51
57
5A
5F
61
62
63
62
5D
55
46
29
36
37
36
4D
36
23
1A
15
22
1D
06
07
04
03
07
20
33
44
4A
4F
52
57
5A
5D
62
65
64
65
64
60
56
45
2E
36
30
30
4C
26
1C
24
15
20
0A
06
07
07
0A
23
32
45
49
4F
56
5B
60
60
65
67
69
68
68
66
65
5B
48
1F
34
25
37
35
12
11
0A
18
0A
0C
05
0D
0F
1E
2B
24
27
27
36
4F
59
5D
60
66
67
68
68
65
5D
46
2A
15
26
23
1C
3F
23
0A
0F
1A
08
03
04
15
0E
15
15
3D
48
37
17
11
1F
53
5A
5E
62
65
62
52
34
1D
1F
41
2D
27
29
2D
37
01
03
16
04
09
03
12
11
19
2B
35
34
24
34
3E
31
33
4D
5A
66
63
5C
52
4E
48
31
2C
24
1B
26
23
26
12
04
03
04
03
04
14
14
1F
27
10
06
02
05
15
4E
40
39
50
67
68
5B
58
32
17
07
0D
02
24
1B
31
23
23
0D
09
06
02
03
1E
14
2A
2E
05
2A
0E
01
47
47
4B
36
45
63
69
60
5A
49
4F
06
0F
46
2E
37
3A
24
19
1C
17
03
04
03
11
1B
34
3D
2C
20
15
26
50
56
4F
32
43
62
68
65
60
54
44
1B
18
52
50
51
4A
3F
1F
14
13
01
05
0B
09
1A
35
4A
4B
43
45
4F
5B
57
47
34
4D
62
67
64
66
60
5D
57
5C
61
60
62
5A
4F
20
07
12
04
03
05
09
17
37
48
57
5A
58
5A
56
53
40
36
54
64
6B
66
64
69
65
63
61
61
65
62
60
58
10
05
06
03
03
0A
01
13
36
43
50
56
5C
58
57
52
36
33
56
63
6A
66
66
69
69
64
66
65
67
63
60
57
07
11
0D
01
05
0D
03
0D
30
3D
4B
54
59
5F
5D
52
2D
33
57
63
6C
66
64
65
67
6B
6A
6A
68
66
5F
56
04
1F
09
03
02
0C
03
07
29
3A
48
54
59
5D
59
49
2E
34
5A
67
6E
67
63
60
5B
63
6B
6A
68
63
5F
56
09
18
08
05
04
0C
02
07
21
31
43
50
55
59
55
3E
29
2A
53
63
69
65
5F
61
54
54
62
65
61
60
5C
56
01
0F
0D
02
05
05
02
0E
23
2B
3D
4A
52
53
4F
46
3B
27
27
58
5B
5F
64
67
60
4D
57
5D
5D
5B
5B
5E
06
10
0B
06
06
03
05
0A
22
2A
33
46
4F
4C
49
47
4A
45
40
51
5E
64
64
66
62
58
49
55
55
59
5C
3C
01
15
0A
02
03
06
07
04
18
2F
37
49
44
3B
38
44
4A
53
66
5D
69
6B
67
68
64
57
37
55
5A
5F
5A
02
04
04
1E
03
03
05
03
08
13
2E
39
4D
53
44
0E
15
17
1D
2C
37
42
3C
3B
4B
15
4D
3E
5A
5D
5B
54
03
02
06
0F
03
03
03
03
02
05
26
2F
49
60
4E
32
13
62
6B
6C
63
73
6C
70
4F
4C
5E
4F
5B
5D
59
3F
01
04
01
05
02
02
02
04
0D
10
15
2C
3A
56
52
36
25
39
5C
6C
6F
6E
6F
54
59
61
62
57
59
59
55
02
01
05
03
0A
04
02
03
03
04
04
02
1C
31
45
50
46
2E
28
38
3D
4F
54
53
58
59
66
62
5D
5D
54
04
01
03
03
02
05
05
04
05
02
03
07
0A
02
27
32
49
43
41
3C
2A
3F
45
45
4A
5B
67
65
62
5E
59
42
02
04
03
03
04
02
08
03
05
05
03
03
0C
02
01
29
37
43
4B
4A
51
50
56
57
5F
63
66
65
62
5C
53
1C
01
01
05
02
05
06
10
04
07
05
01
04
06
01
01
03
27
35
43
51
57
5E
62
63
68
69
65
64
60
55
46
1D
03
03
03
03
02
01
1B
0C
07
05
02
02
05
0A
02
03
03
23
3E
4D
53
62
63
68
68
68
63
60
54
50
27
0C
01
04
01
00
05
07
10
14
09
02
05
01
03
05
05
03
01
0A
26
40
51
5B
61
63
66
62
5D
51
52
3E
19
08
04
03
03
04
01
0E
