1e52
1b96
0000
0000
06b1
0402
02ef
0000
0000
0000
0dc2
0000
0000
0000
071f
0000
0000
0000
0191
0000
0000
0000
00bc
0072
0000
0000
01ab
0000
0000
0aab
06b1
0000
0000
16af
0934
0000
0000
052e
093f
0000
01fe
0000
0855
0000
039e
0cf7
0000
0000
0173
0899
07de
0000
0654
0000
0179
0000
0672
0000
0000
0000
224e
09f1
000c
0000
0714
0301
062a
0000
0000
0000
092c
0000
0000
0000
0273
0000
0000
0000
0119
001b
0000
0000
0000
00f9
0000
0000
0000
0114
0000
0000
00bb
006c
0000
10bc
06b1
0000
0000
0e24
0c4a
0000
0217
0000
0745
0000
022a
0000
0407
0000
0078
10c6
0205
0000
0000
014a
040f
0000
0761
0000
004e
0000
0d66
0277
0000
0000
0537
0191
088e
0000
0000
0000
0784
0000
0000
0000
000d
0000
0000
0000
003f
0000
0000
0000
0023
012b
0000
0000
0000
027b
0000
0000
0000
0222
0000
0000
01c2
00fb
0000
0fd7
06d3
0000
0000
0a22
0a1d
0000
0c20
0000
00f8
0000
0e1a
09d9
0000
0000
06a2
0a65
04c8
0000
0a7f
0000
0000
0000
0696
0296
0224
0000
0005
0000
0708
0000
095d
0000
0000
0000
150a
0000
0000
0000
17fd
0000
0000
02a3
2591
0000
0000
0586
13b0
0000
0000
0541
03fe
0000
0000
03eb
045f
0000
0000
0304
1ba9
0000
0000
0012
2695
06e5
0000
0000
0df8
03e6
00fd
0000
0b8a
0000
0000
0000
0fce
11ed
0000
0000
0b7a
081c
01c2
0000
05e7
0227
033d
0000
0144
0000
0378
0000
0000
0000
052a
0000
2363
0000
02ae
0000
24e6
0000
0000
0000
0740
0000
0703
0000
0ea2
0000
0000
06b8
0785
0000
0000
053d
0719
0000
0000
0224
0c45
0944
0000
0000
13bf
0e33
0768
0000
1dc6
0000
0000
0000
0f5d
0000
0000
0000
10c0
13db
0000
0000
09d5
0fd3
0416
0000
0458
0191
058c
0000
0013
0000
0833
0000
0101
124a
056f
0000
1152
0d15
0ef3
0000
0e76
06a4
1d9c
0000
0000
0000
0db3
0522
015e
0682
042a
0000
03f2
0000
0132
0808
0023
0000
0000
0138
0354
086c
09c2
0000
0e7b
20f6
0db3
0000
0e01
0000
1a67
0000
0000
0510
1609
0000
0000
0cfa
0625
0000
0529
0aae
0572
0000
0410
003a
0067
0000
02ae
0000
059d
0000
0000
0934
06ae
0000
0000
0dcf
1588
0000
0000
09f4
212d
0000
02cb
0000
0819
032f
097d
0792
0947
0000
0000
0000
05ad
07c1
0000
0000
0000
02b9
0000
0000
0436
0000
0000
1dd6
1e24
0000
0000
0000
257c
018f
0000
0000
1157
0000
0062
1c0d
09dc
0000
0e8e
1665
0011
0000
03b2
028a
0104
0000
0463
0000
0480
0000
012f
0000
0000
01ea
0289
0000
04b3
01fd
0089
0000
04df
0069
0730
08f6
0000
0000
0ba8
033d
07ef
0000
0000
0000
00f4
07fe
000e
0000
0000
0367
0000
0000
0000
032a
0007
0000
0313
01df
0000
0000
0110
0209
0000
0000
0000
01b5
0e68
2d06
0000
0000
13c1
17cb
0b6c
0000
033a
040e
0101
0000
064a
0000
0489
0000
0392
0000
0000
00a4
0156
0000
0000
01c5
0250
0000
0000
01ae
0e53
0c77
0000
0000
0f5d
0000
0949
018f
0000
0000
0031
0962
02db
0000
0000
03ae
040e
0000
0000
02da
0820
0000
0000
04f0
06f0
0000
0000
04fb
0433
0000
0000
01bb
0df0
2fe8
0000
0000
15ab
09f6
0e19
0000
043e
033f
0000
0000
0664
0000
062c
0000
0165
0000
0000
0000
035e
0000
0000
01a4
05b6
0000
0000
0116
08c2
0a34
00a3
0000
0524
05ee
0750
0000
0e21
0000
0418
096c
07a7
0000
0000
03bd
0105
0000
0000
022d
0282
0000
0000
0229
09ca
0000
0000
0527
07c1
0000
0000
0100
1384
30e7
0000
0000
1bbe
0f63
0ac9
0000
048b
00d2
0000
0000
03d3
0000
01f3
0000
0118
0000
0086
0000
0000
0000
0545
007f
0cea
0294
0000
0000
2119
0000
0000
0000
1e57
0000
11aa
0159
1561
0000
12e6
03c6
1653
0000
0289
05f7
1b1d
0000
0000
0401
1e4e
0000
0000
0000
0777
0000
0592
0387
00fa
0000
0011
009c
21f9
2248
0000
0000
2a82
0000
0000
0000
04a3
00a0
0000
0000
05ce
0000
0000
0000
0319
0000
0155
0000
0739
0000
0128
0464
0296
147f
0000
0000
05d6
13b4
1854
0000
0000
0000
1501
0501
0000
00a8
169b
0000
0000
0000
0fb9
002f
0590
0cd2
0928
0000
06cd
0550
180d
0000
0000
0000
0d83
040d
0fbc
05f5
0000
00cd
281c
2dca
0347
0000
0538
00bc
0000
0000
03de
016d
0000
0000
0593
0000
0000
0000
0812
0000
0000
0000
0d90
0000
0000
03fa
0b5f
050d
0000
0272
052c
1222
07bf
0000
1927
0000
0000
0938
1907
0000
0000
06da
15da
0000
0000
0583
0bf1
0000
0383
0237
0000
0000
03d3
02a9
01e0
0000
02d6
0025
284f
196a
0000
0000
3141
0a7b
0000
0000
04b3
01c1
0000
0000
0309
027b
00f6
0000
03e5
029d
0000
0000
0581
03dd
0031
0000
0eb7
0000
0000
0000
1288
0000
0000
0137
0b92
0000
0659
0000
0000
0000
0e6c
0000
0000
0000
0c89
0000
0000
0000
0c11
01af
0000
0000
03d8
037d
02b1
0000
0000
0188
1252
1040
0000
0000
225c
2540
0000
0000
04c1
0199
0000
0000
0424
0105
0000
0000
036d
058b
033d
0000
04bf
035b
0000
0000
044b
01f4
0000
0000
050b
0444
0000
0000
1386
0000
0000
0000
125b
0000
0000
0309
086c
0000
0251
02fc
0000
0000
0441
03fc
0003
0000
03e6
0393
06aa
0000
0000
0259
0c9d
0000
0000
00d1
1ce8
156f
0000
0000
2028
135e
0000
0000
03fa
0201
0000
0000
05b9
00ca
0174
0000
