0.4720926284790039
0.4386273920536041
0.0000000000000000
0.0000000000000000
0.0996821895241737
0.0672795921564102
0.0452662222087383
0.0000000000000000
0.0000000000000000
0.0000000000000000
0.2151472419500351
0.0000000000000000
0.0000000000000000
0.0000000000000000
0.1100801005959511
0.0000000000000000
0.0000000000000000
0.0000000000000000
0.0262484904378653
0.0069098020903766
0.0000000000000000
0.0000000000000000
0.0127209741622210
0.0157300215214491
0.0000000000000000
0.0000000000000000
0.0247470904141665
0.0024777704384178
0.0000000000000000
0.1685036569833755
0.1018832623958588
0.0000000000000000
0.0000000000000000
0.3606480360031128
0.1457348316907883
0.0000000000000000
0.0000000000000000
0.0818076655268669
0.1444769054651260
0.0000000000000000
0.0299011990427971
0.0000000000000000
0.1274248808622360
0.0000000000000000
0.0555608794093132
0.2041215896606445
0.0000000000000000
0.0000000000000000
0.0239012967795134
0.1376745402812958
0.1204146221280098
0.0000000000000000
0.0980690941214561
0.0000000000000000
0.0216168146580458
0.0000000000000000
0.1022276207804680
0.0000000000000000
0.0000000000000000
0.0000000000000000
0.5376591086387634
0.1599735468626022
0.0001611516054254
0.0000000000000000
0.1129156574606895
0.0538769513368607
0.0985377877950668
0.0000000000000000
0.0000000000000000
0.0000000000000000
0.1446374207735062
0.0000000000000000
0.0000000000000000
0.0000000000000000
0.0358843542635441
0.0000000000000000
0.0000000000000000
0.0000000000000000
0.0163387898355722
0.0101307630538940
0.0000000000000000
0.0000000000000000
0.0000000000000000
0.0238674208521843
0.0000000000000000
0.0000000000000000
0.0000000000000000
0.0260853990912437
0.0000000000000000
0.0000000000000000
0.0109181739389896
0.0154686793684959
0.0000000000000000
0.2645828723907471
0.1045069545507431
0.0000000000000000
0.0000000000000000
0.2227530479431152
0.1944324970245361
0.0000000000000000
0.0321115553379059
0.0000000000000000
0.1147377640008926
0.0000000000000000
0.0304583143442869
0.0000000000000000
0.0676605924963951
0.0000000000000000
0.0055805174633861
0.2631041407585144
0.0342876389622688
0.0000000000000000
0.0000000000000000
0.0201195459812880
0.0622909143567085
0.0000000000000000
0.1142238080501556
0.0000000000000000
0.0092189684510231
0.0000000000000000
0.2103019505739212
0.0425910353660583
0.0000000000000000
0.0000000000000000
0.0817280486226082
0.0262101422995329
0.1338339298963547
0.0000000000000000
0.0000000000000000
0.0000000000000000
0.1189620494842529
0.0000000000000000
0.0000000000000000
0.0000000000000000
0.0023508935701102
0.0000000000000000
0.0000000000000000
0.0000000000000000
0.0046099782921374
0.0048109819181263
0.0000000000000000
0.0000000000000000
0.0032019161153585
0.0276293698698282
0.0000000000000000
0.0000000000000000
0.0000000000000000
0.0469988957047462
0.0000000000000000
0.0000000000000000
0.0000000000000000
0.0429292097687721
0.0000000000000000
0.0000000000000000
0.0289250854402781
0.0253586899489164
0.0000000000000000
0.2544848322868347
0.1057730764150620
0.0000000000000000
0.0000000000000000
0.1587744653224945
0.1588409543037415
0.0000000000000000
0.1907199472188950
0.0000000000000000
0.0137850139290094
0.0000000000000000
0.2224318087100983
0.1556490361690521
0.0000000000000000
0.0000000000000000
0.1048085689544678
0.1645299941301346
0.0724650695919991
0.0000000000000000
0.1662221252918243
0.0000000000000000
0.0000000000000000
0.0000000000000000
0.1029014438390732
0.0418216995894909
0.0298253856599331
0.0000000000000000
0.0000000000000000
0.0000000000000000
0.1114776358008385
0.0000000000000000
0.1446348875761032
0.0000000000000000
0.0000000000000000
0.0000000000000000
0.3304110765457153
0.0000000000000000
0.0000000000000000
0.0000000000000000
0.3748594820499420
0.0000000000000000
0.0000000000000000
0.0472373813390732
0.5858762860298157
0.0000000000000000
0.0000000000000000
0.0926426872611046
0.3070814013481140
0.0000000000000000
0.0000000000000000
0.0892027914524078
0.0629813522100449
0.0000000000000000
0.0000000000000000
0.0689423903822899
0.0656211599707603
0.0000000000000000
0.0000000000000000
0.0574470944702625
0.4296977519989014
0.0000000000000000
0.0000000000000000
0.0065308548510075
0.6017661690711975
0.1101529523730278
0.0000000000000000
0.0000000000000000
0.2168153524398804
0.0598894804716110
0.0146760400384665
0.0000000000000000
0.1790868788957596
0.0000000000000000
0.0000000000000000
0.0000000000000000
0.2464414834976196
0.2862572371959686
0.0000000000000000
0.0000000000000000
0.1785160452127457
0.1345404088497162
0.0270820558071136
0.0000000000000000
0.0908115431666374
0.0335074439644814
0.0512118898332119
0.0000000000000000
0.0191964115947485
0.0000000000000000
0.0589194484055042
0.0000000000000000
0.0000000000000000
0.0000000000000000
0.0816453769803047
0.0000000000000000
0.5591117143630981
0.0000000000000000
0.0425985418260098
0.0000000000000000
0.5817599296569824
0.0000000000000000
0.0000000000000000
0.0000000000000000
0.1174254715442657
0.0000000000000000
0.1092274710536003
0.0002012260665651
0.2335975766181946
0.0000000000000000
0.0000000000000000
0.1125251427292824
0.1166046410799026
0.0000000000000000
0.0000000000000000
0.0883886590600014
0.1106977313756943
0.0000000000000000
0.0000000000000000
0.0443946495652199
0.1945818662643433
0.1434060037136078
0.0000000000000000
0.0000000000000000
0.3096707761287689
0.2276261597871780
0.1156856119632721
0.0000000000000000
0.4641497731208801
0.0000000000000000
0.0000000000000000
0.0000000000000000
0.2401001304388046
0.0000000000000000
0.0000000000000000
0.0000000000000000
0.2628609240055084
0.3146671950817108
0.0000000000000000
0.0000000000000000
0.1554052978754044
0.2564268708229065
0.0642654597759247
0.0000000000000000
0.0671308338642120
0.0301674660295248
0.0884279757738113
0.0000000000000000
0.0000000000000000
0.0000000000000000
0.1266903132200241
0.0000000000000000
0.0217153578996658
0.2904884517192841
0.0852551013231277
0.0000000000000000
0.2729139626026154
0.2109772413969040
0.2359015941619873
0.0000000000000000
0.2260230034589767
0.1051652655005455
0.4664702117443085
0.0000000000000000
0.0000000000000000
0.0000000000000000
0.2168343365192413
0.0880135744810104
0.0247668754309416
0.1037172004580498
0.0651267617940903
0.0000000000000000
0.0627286359667778
0.0000000000000000
0.0202980153262615
0.1358911395072937
0.0006579966284335
0.0000000000000000
0.0000000000000000
0.0270438976585865
0.0540503822267056
0.1346803903579712
0.1528984904289246
0.0000000000000000
0.2304349541664124
0.5209062099456787
0.2134131789207458
0.0000000000000000
0.2175665944814682
0.0000000000000000
0.4138761162757874
0.0000000000000000
0.0000000000000000
0.0808152407407761
0.3502128124237061
0.0000000000000000
0.0000000000000000
0.2061719596385956
0.0990771651268005
0.0000000000000000
0.0818879380822182
0.1713548898696899
0.0874528437852859
0.0000000000000000
0.0658199861645699
0.0100890537723899
0.0086852097883821
0.0000000000000000
0.0423922240734100
0.0000000000000000
0.0884192958474159
0.0000000000000000
0.0000000000000000
0.1468132734298706
0.1044788882136345
0.0054927431046963
0.0000000000000000
0.2209627479314804
0.3390460014343262
0.0000000000000000
0.0000000000000000
0.1598105132579803
0.5205247998237610
0.0074932160787284
0.0441560111939907
0.0000000000000000
0.1249341815710068
0.0584638491272926
0.1461953818798065
0.1211153045296669
0.1474042236804962
0.0000000000000000
0.0000000000000000
0.0000000000000000
0.0894751772284508
0.1315087676048279
0.0000000000000000
0.0000000000000000
0.0000000000000000
0.0511504560709000
0.0000000000000000
0.0000000000000000
0.0646751523017883
0.0048697958700359
0.0000000000000000
0.4688025414943695
0.4709254205226898
0.0000000000000000
0.0000000000000000
0.0000000000000000
0.5880765914916992
0.0339109972119331
0.0000000000000000
0.0000000000000000
0.2706617414951324
0.0000000000000000
0.0060130539350212
0.4425852596759796
0.1548794806003571
0.0000000000000000
0.2258882522583008
0.3543583154678345
0.0014737750170752
0.0000000000000000
0.0613339804112911
0.0438920557498932
0.0186335798352957
0.0000000000000000
0.0717127546668053
0.0000000000000000
0.0718293935060501
0.0000000000000000
0.0150002716109157
0.0000000000000000
0.0000000000000000
0.0345588661730289
0.0419351309537888
0.0000000000000000
0.0744912475347519
0.0400860458612442
0.0115528125315905
0.0000000000000000
0.0787028968334198
0.0156858526170254
0.1108328849077225
0.1385164409875870
0.0000000000000000
0.0000000000000000
0.1803886294364929
0.0530141107738018
0.1239089891314507
0.0000000000000000
0.0000000000000000
0.0000000000000000
0.0144859291613102
0.1346449851989746
0.0000000000000000
0.0000000000000000
0.0000000000000000
0.0616198629140854
0.0000000000000000
0.0000000000000000
0.0000000000000000
0.0606558956205845
0.0022242213599384
0.0000000000000000
0.0500354208052158
0.0384386144578457
0.0000000000000000
0.0000000000000000
0.0201270226389170
0.0417869538068771
0.0000000000000000
0.0000000000000000
0.0000000000000000
0.0356367826461792
0.2249419093132019
0.7056742906570435
0.0000000000000000
0.0000000000000000
0.3077773153781891
0.3773380815982819
0.1723789870738983
0.0000000000000000
0.0476379543542862
0.0634187757968903
0.0162471160292625
0.0000000000000000
0.0988107249140739
0.0000000000000000
0.0756612941622734
0.0000000000000000
0.0605008415877819
0.0000000000000000
0.0000000000000000
0.0158092658966780
0.0236384253948927
0.0000000000000000
0.0000000000000000
0.0346654243767262
0.0377545990049839
0.0000000000000000
0.0000000000000000
0.0336549170315266
0.2238454073667526
0.1974676996469498
0.0000000000000000
0.0000000000000000
0.2414598613977432
0.0000000000000000
0.1458427160978317
0.0300324615091085
0.0000000000000000
0.0000000000000000
0.0017560125561431
0.1544927507638931
0.0466257929801941
0.0000000000000000
0.0000000000000000
0.0673450604081154
0.0628955513238907
0.0000000000000000
0.0000000000000000
0.0551260225474834
0.1279336065053940
0.0000000000000000
0.0000000000000000
0.0837322697043419
0.1078788936138153
0.0000000000000000
0.0000000000000000
0.0865951776504517
0.0649978369474411
0.0000000000000000
0.0000000000000000
0.0367696620523930
0.2185384780168533
0.7537311911582947
0.0000000000000000
0.0000000000000000
0.3376681208610535
0.1630334854125977
0.2192582488059998
0.0000000000000000
0.0681526586413383
0.0492672696709633
0.0000000000000000
0.0000000000000000
0.0996655896306038
0.0000000000000000
0.0971464961767197
0.0000000000000000
0.0201701596379280
0.0000000000000000
0.0000000000000000
0.0000000000000000
0.0522336885333061
0.0000000000000000
0.0000000000000000
0.0319457650184631
0.0893274769186974
0.0000000000000000
0.0000000000000000
0.0244315396994352
0.1344181299209595
0.1635487824678421
0.0079900501295924
0.0000000000000000
0.0775090008974075
0.0960603952407837
0.1158786416053772
0.0000000000000000
0.2235106527805328
0.0000000000000000
0.0624305717647076
0.1546265035867691
0.1215261667966843
0.0000000000000000
0.0000000000000000
0.0660169124603271
0.0142899127677083
0.0000000000000000
0.0000000000000000
0.0437759980559349
0.0409172885119915
0.0000000000000000
0.0000000000000000
0.0408852621912956
0.1494055986404419
0.0000000000000000
0.0000000000000000
0.0874008834362030
0.1195721253752708
0.0000000000000000
0.0000000000000000
0.0249200072139502
0.3100312948226929
0.7692235708236694
0.0000000000000000
0.0000000000000000
0.4327076375484467
0.2454147338867188
0.1639206558465958
0.0000000000000000
0.0695431530475616
0.0130888735875487
0.0000000000000000
0.0000000000000000
0.0603077001869678
0.0000000000000000
0.0323595106601715
0.0000000000000000
0.0150347044691443
0.0000000000000000
0.0064710816368461
0.0000000000000000
0.0000000000000000
0.0000000000000000
0.0814621970057487
0.0150956157594919
0.2051873207092285
0.0433433987200260
0.0000000000000000
0.0000000000000000
0.5171296000480652
0.0000000000000000
0.0000000000000000
0.0000000000000000
0.4739229083061218
0.0000000000000000
0.2768843173980713
0.0247721225023270
0.3304283022880554
0.0000000000000000
0.2991352379322052
0.0657476559281349
0.3504894673824310
0.0000000000000000
0.0426695235073566
0.0999920219182968
0.4262132346630096
0.0000000000000000
0.0000000000000000
0.0689130425453186
0.4732859432697296
0.0000000000000000
0.0000000000000000
0.0000000000000000
0.1142191067337990
0.0000000000000000
0.0852017030119896
0.0642761886119843
0.0171931926161051
0.0000000000000000
0.0003583506040741
0.0167909041047096
0.5300535559654236
0.5433121919631958
0.0000000000000000
0.0000000000000000
0.6598553061485291
0.0000000000000000
0.0000000000000000
0.0000000000000000
0.0710113421082497
0.0133051900193095
0.0000000000000000
0.0000000000000000
0.0911322087049484
0.0000000000000000
0.0011135205859318
0.0000000000000000
0.0476811565458775
0.0000000000000000
0.0207652617245913
0.0000000000000000
0.1123465672135353
0.0000000000000000
0.0181376338005066
0.0748009905219078
0.0416857264935970
0.3230670392513275
0.0000000000000000
0.0043765632435679
0.0920911580324173
0.3109202384948730
0.3804509639739990
0.0000000000000000
0.0000000000000000
0.0000000000000000
0.3279919028282166
0.0835981816053391
0.0000000000000000
0.0072154556401074
0.3536203801631927
0.0000000000000000
0.0000000000000000
0.0000000000000000
0.2472437918186188
0.0104892384260893
0.0865259245038033
0.2023664265871048
0.1410863250494003
0.0000000000000000
0.1065503582358360
0.0849589705467224
0.3805021047592163
0.0000000000000000
0.0000000000000000
0.0000000000000000
0.2127467542886734
0.0736161172389984
0.2503059506416321
0.0937090292572975
0.0000000000000000
0.0208946075290442
0.6286619305610657
0.7200418710708618
0.0452292598783970
0.0000000000000000
0.0824701339006424
0.0125616798177361
0.0000000000000000
0.0000000000000000
0.0620331205427647
0.0229703206568956
0.0000000000000000
0.0000000000000000
0.0882958769798279
0.0000000000000000
0.0000000000000000
0.0000000000000000
0.1283356100320816
0.0000000000000000
0.0000000000000000
0.0000000000000000
0.2119159549474716
0.0000000000000000
0.0000000000000000
0.0675590783357620
0.1743090450763702
0.0811175256967545
0.0000000000000000
0.0440086685121059
0.0782231315970421
0.2873496115207672
0.1222206205129623
0.0000000000000000
0.3983425796031952
0.0000000000000000
0.0000000000000000
0.1491643637418747
0.3889535963535309
0.0000000000000000
0.0000000000000000
0.1156912147998810
0.3461281359195709
0.0000000000000000
0.0000000000000000
0.0947603732347488
0.1871805042028427
0.0000000000000000
0.0547457337379456
0.0446572676301003
0.0000000000000000
0.0000000000000000
0.0612025223672390
0.0526116862893105
0.0333071760833263
0.0000000000000000
0.0444565005600452
0.0106316516175866
0.6318982243537903
0.4010755717754364
0.0000000000000000
0.0000000000000000
0.7684437632560730
0.1698398590087891
0.0000000000000000
0.0000000000000000
0.0699951425194740
0.0279083102941513
0.0000000000000000
0.0000000000000000
0.0438605733215809
0.0411637090146542
0.0158889479935169
0.0000000000000000
0.0645800381898880
0.0429213494062424
0.0000000000000000
0.0000000000000000
0.0861465111374855
0.0624115318059921
0.0066018085926771
0.0000000000000000
0.2314547449350357
0.0000000000000000
0.0000000000000000
0.0000000000000000
0.2930374443531036
0.0000000000000000
0.0000000000000000
0.0226276777684689
0.1808006465435028
0.0000000000000000
0.0986404195427895
0.0000000000000000
0.0000000000000000
0.0000000000000000
0.2267879694700241
0.0000000000000000
0.0000000000000000
0.0000000000000000
0.1944003254175186
0.0000000000000000
0.0000000000000000
0.0000000000000000
0.1910496354103088
0.0350785218179226
0.0000000000000000
0.0000000000000000
0.0631560087203979
0.0651924610137939
0.0442474782466888
0.0000000000000000
0.0000000000000000
0.0343156792223454
0.2868969738483429
0.2575933635234833
0.0000000000000000
0.0000000000000000
0.5369754433631897
0.5867767333984375
0.0000000000000000
0.0000000000000000
0.0745582431554794
0.0296218339353800
0.0000000000000000
0.0000000000000000
0.0645624771714211
0.0178932398557663
0.0000000000000000
0.0000000000000000
0.0511774271726608
0.0895220488309860
0.0506378822028637
0.0000000000000000
0.0723888278007507
0.0564954653382301
0.0000000000000000
0.0000000000000000
0.0681165903806686
0.0331223197281361
0.0000000000000000
0.0000000000000000
0.0781105160713196
0.0694815963506699
0.0000000000000000
0.0000000000000000
0.3075557053089142
0.0000000000000000
0.0000000000000000
0.0000000000000000
0.2863394021987915
0.0000000000000000
0.0000000000000000
0.0539354048669338
0.1332064419984818
0.0000000000000000
0.0379019081592560
0.0536608248949051
0.0000000000000000
0.0000000000000000
0.0679738074541092
0.0698209479451180
0.0000000000000000
0.0000000000000000
0.0641467720270157
0.0657799467444420
0.1050861105322838
0.0000000000000000
0.0000000000000000
0.0472216568887234
0.1990999132394791
0.0000000000000000
0.0000000000000000
0.0209264121949673
0.4519059658050537
0.3382981121540070
0.0000000000000000
0.0000000000000000
0.5021633505821228
0.3094891607761383
0.0000000000000000
0.0000000000000000
0.0653935223817825
0.0361619070172310
0.0000000000000000
0.0000000000000000
0.0873594954609871
0.0142449019476771
0.0201246198266745
0.0000000000000000
