0.4114680207681423 0.4386273861734890 0.0000000000000000 0.0000000000000000
0.3443269606168364 0.1428299965738666 0.0000000000000000 0.0000000000000000
0.0382707241557393 0.0672795953046458 0.0000000000000000 0.0000000000000000
0.0491332165604713 0.0000000000000000 0.0339493102521873 0.0000000000000000
0.0000000000000000 0.0000000000000000 0.1273562784215399 0.0000000000000000
0.0000000000000000 0.0000000000000000 0.2151472392619825 0.0000000000000000
0.0000000000000000 0.0000000000000000 0.1100800982439051 0.0000000000000000
0.0000000000000000 0.0000000000000000 0.0559538841539739 0.0000000000000000
0.0000000000000000 0.0000000000000000 0.0135551157754425 0.0000000000000000
0.0000000000000000 0.0000000000000000 0.0000000000000000 0.0000000000000000
0.0000000000000000 0.0000000000000000 0.0127209738919548 0.0000000000000000
0.0000000000000000 0.0000000000000000 0.0055680296511627 0.0000000000000000
0.0000000000000000 0.0000000000000000 0.0133661367875688 0.0000000000000000
0.0000000000000000 0.0000000000000000 0.0247470899612880 0.0000000000000000
0.0000000000000000 0.0000000000000000 0.0657534012315319 0.0000000000000000
0.0000000000000000 0.1685036536890502 0.1018832639005839 0.0000000000000000
0.0000000000000000 0.3606480235197380 0.1171695593306247 0.0000000000000000
0.0000000000000000 0.2767813780071104 0.1430725038124650 0.0000000000000000
0.0000000000000000 0.0000000000000000 0.1437652170292887 0.0000000000000000
0.0000000000000000 0.0000000000000000 0.0000000000000000 0.0000000000000000
0.0000000000000000 0.0000000000000000 0.0613339947865290 0.0000000000000000
0.0000000000000000 0.0000000000000000 0.1274248803436172 0.0000000000000000
0.0000000000000000 0.0000000000000000 0.0000000000000000 0.0000000000000000
0.0000000000000000 0.2041215947080476 0.0000000000000000 0.0000000000000000
0.0239012961148047 0.0349711589296075 0.0727571236955769 0.0000000000000000
0.0000000000000000 0.0000000000000000 0.0000000000000000 0.0000000000000000
0.0980690974669129 0.0000000000000000 0.0000000000000000 0.0000000000000000
0.0859402898918180 0.0000000000000000 0.0000000000000000 0.0000000000000000
0.1022276211456926 0.0000000000000000 0.0000000000000000 0.0000000000000000
0.0779201962638135 0.0000000000000000 0.0000000000000000 0.0000000000000000
0.4720926149072599 0.2536298928672777 0.0000000000000000 0.0000000000000000
0.1859435039846336 0.0570194608367541 0.0000000000000000 0.0000000000000000
0.0996821928696305 0.0159219224590297 0.0000000000000000 0.0000000000000000
0.0213858814654397 0.0000000000000000 0.0452662218289048 0.0000000000000000
0.0000000000000000 0.0000000000000000 0.1169925564498294 0.0000000000000000
0.0000000000000000 0.0000000000000000 0.1375339750784869 0.0000000000000000
0.0000000000000000 0.0000000000000000 0.0524887587217723 0.0000000000000000
0.0000000000000000 0.0000000000000000 0.0452049637834231 0.0000000000000000
0.0000000000000000 0.0000000000000000 0.0262484906277820 0.0000000000000000
0.0000000000000000 0.0000000000000000 0.0004743903583172 0.0069098020228101
0.0000000000000000 0.0000000000000000 0.0040051220313591 0.0155367338646423
0.0000000000000000 0.0000000000000000 0.0000000000000000 0.0157300213644025
0.0000000000000000 0.0000000000000000 0.0000000000000000 0.0024777705288109
0.0000000000000000 0.0000000000000000 0.0000000000000000 0.0000000000000000
0.0000000000000000 0.0000000000000000 0.0078430897903208 0.0000000000000000
0.0000000000000000 0.0000000000000000 0.0372115759799878 0.0000000000000000
0.0000000000000000 0.2431778157093361 0.0667476161072652 0.0000000000000000
0.0000000000000000 0.3438691233229988 0.1457348382136986 0.0000000000000000
0.0000000000000000 0.0818076670681145 0.1444768986208182 0.0000000000000000
0.0000000000000000 0.0000000000000000 0.0576998653949476 0.0000000000000000
0.0299011984146109 0.0000000000000000 0.0000000000000000 0.0000000000000000
0.0000000000000000 0.0000000000000000 0.0000000000000000 0.0000000000000000
0.0538831891236353 0.0000000000000000 0.0000000000000000 0.0000000000000000
0.0555608800082814 0.1111868105025268 0.0000000000000000 0.0000000000000000
0.0000000000000000 0.1376745335684688 0.1204146213099068 0.0000000000000000
0.0000000000000000 0.0411325922418459 0.0000000000000000 0.0000000000000000
0.0000000000000000 0.0000000000000000 0.0216168140444686 0.0000000000000000
0.0567396170806651 0.0000000000000000 0.0000000000000000 0.0000000000000000
0.0000000000000000 0.0000000000000000 0.0000000000000000 0.0000000000000000
0.0357075379613568 0.0000000000000000 0.0000000000000000 0.0000000000000000
0.5376590930801981 0.1599735403543009 0.0000000000000000 0.0000000000000000
0.1183138644432320 0.0394263240855699 0.0000000000000000 0.0000000000000000
0.1129156579427859 0.0473896030190529 0.0000000000000000 0.0000000000000000
0.0181240234158787 0.0000000000000000 0.0396666715104206 0.0000000000000000
0.0000000000000000 0.0000000000000000 0.1150412763815885 0.0000000000000000
0.0000000000000000 0.0000000000000000 0.0555312862656281 0.0000000000000000
0.0000000000000000 0.0000000000000000 0.0358843528829953 0.0000000000000000
0.0000000000000000 0.0000000000000000 0.0299895393059534 0.0000000000000000
0.0000000000000000 0.0000000000000000 0.0163387890539916 0.0000000000000000
0.0000000000000000 0.0000000000000000 0.0000000000000000 0.0101307632127668
0.0000000000000000 0.0000000000000000 0.0000000000000000 0.0238674212137566
0.0000000000000000 0.0000000000000000 0.0000000000000000 0.0206503181261760
0.0000000000000000 0.0000000000000000 0.0000000000000000 0.0146877661091732
0.0000000000000000 0.0000000000000000 0.0000000000000000 0.0134213866519870
0.0000000000000000 0.0000000000000000 0.0000000000000000 0.0005516961856069
0.0000000000000000 0.0000000000000000 0.0109181735664607 0.0000000000000000
0.0000000000000000 0.0809877026680054 0.0130652815980070 0.0000000000000000
0.0000000000000000 0.2645828871823409 0.1045069527538384 0.0000000000000000
0.0000000000000000 0.2227530409088906 0.1944324917506938 0.0000000000000000
0.0000000000000000 0.0237006338422789 0.1427876614837669 0.0000000000000000
0.0000000000000000 0.0000000000000000 0.0567101615170638 0.0000000000000000
0.0321115535702191 0.0000000000000000 0.0000000000000000 0.0000000000000000
0.0000000000000000 0.0000000000000000 0.0165215309344086 0.0000000000000000
0.0304583150820405 0.0000000000000000 0.0000000000000000 0.0000000000000000
0.0055805175181697 0.0654188621204858 0.0231422604079925 0.0000000000000000
0.0000000000000000 0.1617836932414302 0.0000000000000000 0.0000000000000000
0.0000000000000000 0.0000000000000000 0.0538821938210258 0.0000000000000000
0.0000000000000000 0.0000000000000000 0.0000000000000000 0.0000000000000000
0.0000000000000000 0.0000000000000000 0.0092189681734525 0.0000000000000000
0.0000000000000000 0.0000000000000000 0.0000000000000000 0.0000000000000000
0.3632205402003784 0.1197390051229912 0.0000000000000000 0.0000000000000000
0.0324656150942924 0.0077223600052735 0.0001611516098766 0.0000000000000000
0.0129303137315255 0.0538769505406712 0.0000000000000000 0.0000000000000000
0.0017603181594727 0.0000000000000000 0.0985377904319880 0.0000000000000000
0.0000000000000000 0.0000000000000000 0.1446374212482981 0.0000000000000000
0.0000000000000000 0.0000000000000000 0.0384588873123422 0.0000000000000000
0.0000000000000000 0.0000000000000000 0.0040780220180749 0.0000000000000000
0.0000000000000000 0.0000000000000000 0.0000000000000000 0.0000000000000000
0.0000000000000000 0.0000000000000000 0.0000000000000000 0.0000000000000000
0.0000000000000000 0.0000000000000000 0.0000000000000000 0.0073691344673874
0.0000000000000000 0.0000000000000000 0.0000000000000000 0.0221929535434089
0.0000000000000000 0.0000000000000000 0.0000000000000000 0.0218975313665237
0.0000000000000000 0.0000000000000000 0.0000000000000000 0.0260853986694094
0.0000000000000000 0.0000000000000000 0.0000000000000000 0.0233644364310391
0.0000000000000000 0.0000000000000000 0.0000000000000000 0.0154686790105759
0.0000000000000000 0.0000000000000000 0.0027422744342510 0.0108084178255762
0.0000000000000000 0.0000000000000000 0.0000000000000000 0.0000000000000000
0.0000000000000000 0.0959633964753034 0.0447955862052885 0.0000000000000000
0.0000000000000000 0.1716969967545832 0.1378824018526312 0.0000000000000000
0.0000000000000000 0.1617994184660561 0.0777565724709454 0.0000000000000000
0.0000000000000000 0.0000000000000000 0.1147377604216922 0.0000000000000000
0.0000000000000000 0.0000000000000000 0.0000000000000000 0.0000000000000000
0.0000000000000000 0.0000000000000000 0.0676605962070766 0.0000000000000000
0.0000000000000000 0.0000000000000000 0.0574790320194820 0.0000000000000000
0.0000000000000000 0.0922878311033927 0.0000000000000000 0.0000000000000000
0.0000000000000000 0.2631041320004299 0.0342876380419030 0.0000000000000000
0.0000000000000000 0.0201195463172946 0.0622909142617502 0.0000000000000000
0.0000000000000000 0.0000000000000000 0.0000000000000000 0.0000000000000000
0.1142238094380089 0.0000000000000000 0.0000000000000000 0.0000000000000000
0.0975679808241479 0.0000000000000000 0.0000000000000000 0.0000000000000000
0.2103019563444689 0.0356459029822373 0.0000000000000000 0.0000000000000000
0.0432509853997651 0.0000000000000000 0.0000000000000000 0.0000000000000000
0.0817280481697298 0.0259025148682150 0.0000000000000000 0.0000000000000000
0.0000000000000000 0.0000000000000000 0.1242166212522516 0.0000000000000000
0.0000000000000000 0.0000000000000000 0.1189620521869146 0.0000000000000000
0.0000000000000000 0.0000000000000000 0.0366900284427638 0.0000000000000000
0.0000000000000000 0.0000000000000000 0.0000000000000000 0.0000000000000000
0.0000000000000000 0.0000000000000000 0.0000000000000000 0.0000000000000000
0.0000000000000000 0.0000000000000000 0.0000000000000000 0.0000000000000000
0.0000000000000000 0.0000000000000000 0.0000000000000000 0.0040153519268713
0.0000000000000000 0.0000000000000000 0.0000000000000000 0.0200316945730034
0.0000000000000000 0.0000000000000000 0.0000000000000000 0.0276293697967834
0.0000000000000000 0.0000000000000000 0.0000000000000000 0.0367880720024307
0.0000000000000000 0.0000000000000000 0.0000000000000000 0.0359285335458230
0.0000000000000000 0.0000000000000000 0.0000000000000000 0.0320419007017478
0.0000000000000000 0.0000000000000000 0.0000000000000000 0.0275860420099514
0.0000000000000000 0.0000000000000000 0.0000000000000000 0.0000000000000000
0.0000000000000000 0.0000000000000000 0.0289250853964510 0.0000000000000000
0.0000000000000000 0.0524398764485822 0.0674706281034970 0.0000000000000000
0.0000000000000000 0.2544848261583669 0.0446231356438468 0.0000000000000000
0.0000000000000000 0.0532894541308575 0.1346147262728682 0.0000000000000000
0.0000000000000000 0.0000000000000000 0.0640291076299606 0.0000000000000000
0.0000000000000000 0.0000000000000000 0.0000000000000000 0.0000000000000000
0.0000000000000000 0.0000000000000000 0.0137850138194420 0.0000000000000000
0.0104394659546075 0.0000000000000000 0.0000000000000000 0.0000000000000000
0.0398344781907166 0.1556490428672702 0.0000000000000000 0.0000000000000000
0.0000000000000000 0.1604557722441706 0.0724650665021995 0.0000000000000000
0.0013245764170207 0.0000000000000000 0.0052457823765044 0.0000000000000000
0.0339060733569603 0.0000000000000000 0.0000000000000000 0.0000000000000000
0.0819922077159087 0.0000000000000000 0.0000000000000000 0.0000000000000000
0.0968458153307438 0.0425910362499017 0.0000000000000000 0.0000000000000000
0.0515164177645655 0.0071809415650718 0.0000000000000000 0.0000000000000000
0.0401478242494312 0.0262101416713467 0.0000000000000000 0.0000000000000000
0.0000000000000000 0.0000000000000000 0.1338339370766691 0.0000000000000000
0.0000000000000000 0.0000000000000000 0.0511063030464392 0.0000000000000000
0.0000000000000000 0.0000000000000000 0.0257250714974076 0.0000000000000000
0.0000000000000000 0.0000000000000000 0.0000000000000000 0.0000000000000000
0.0000000000000000 0.0000000000000000 0.0023508936824169 0.0000000000000000
0.0000000000000000 0.0000000000000000 0.0000000000000000 0.0000000000000000
0.0000000000000000 0.0000000000000000 0.0046099781332648 0.0048109818889084
0.0000000000000000 0.0000000000000000 0.0032019160687922 0.0172715351825544
0.0000000000000000 0.0000000000000000 0.0000000000000000 0.0252568058724351
0.0000000000000000 0.0000000000000000 0.0000000000000000 0.0355993066932641
0.0000000000000000 0.0000000000000000 0.0000000000000000 0.0469988955677870
0.0000000000000000 0.0000000000000000 0.0000000000000000 0.0429292094729403
0.0000000000000000 0.0000000000000000 0.0000000000000000 0.0343026843086323
0.0000000000000000 0.0000000000000000 0.0014803192852175 0.0253586893335131
0.0000000000000000 0.0000000000000000 0.0150540662746804 0.0000000000000000
0.0000000000000000 0.0000000000000000 0.0539706249885698 0.0000000000000000
0.0000000000000000 0.1522531197132434 0.1057730761667093 0.0000000000000000
0.0000000000000000 0.1587744657826775 0.1588409494316461 0.0000000000000000
0.0000000000000000 0.0601057393220709 0.0097034678958794 0.0000000000000000
0.0434040934870057 0.0000000000000000 0.0000000000000000 0.0000000000000000
0.1907199518207242 0.0000000000000000 0.0000000000000000 0.0000000000000000
0.0854802216823194 0.0000000000000000 0.0000000000000000 0.0000000000000000
0.2224318029687684 0.0500171306159566 0.0000000000000000 0.0000000000000000
0.1048085709851162 0.1645299992505826 0.0000000000000000 0.0000000000000000
0.0458338002802110 0.0287300857039643 0.0040148359449471 0.0000000000000000
0.1662221202517257 0.0000000000000000 0.0000000000000000 0.0000000000000000
0.1454035118368326 0.0000000000000000 0.0000000000000000 0.0000000000000000
0.0276316404196562 0.0418216996406223 0.0000000000000000 0.0000000000000000
0.0205902579806599 0.0247744370982343 0.0227864277859529 0.0000000000000000
0.0000000000000000 0.0000000000000000 0.0250463498865857 0.0000000000000000
0.0000000000000000 0.0000000000000000 0.1114776370279929 0.0000000000000000
0.0000000000000000 0.0000000000000000 0.0000000000000000 0.0000000000000000
0.0341084899709504 0.0000000000000000 0.0000000000000000 0.0000000000000000
0.1753117208825608 0.0000000000000000 0.0000000000000000 0.0000000000000000
0.3304110747780286 0.0000000000000000 0.0000000000000000 0.0000000000000000
0.3337045204259603 0.0000000000000000 0.0000000000000000 0.0166835868292872
0.2686191904632484 0.0000000000000000 0.0000000000000000 0.0472373808113237
0.1292526403332458 0.0000000000000000 0.0000000000000000 0.0543031446361805
0.0252398602372292 0.0000000000000000 0.0000000000000000 0.0411429001456675
0.0000000000000000 0.0000000000000000 0.0000000000000000 0.0440565895745713
0.0000000000000000 0.0000000000000000 0.0000000000000000 0.0609470299645966
0.0000000000000000 0.0000000000000000 0.0000000000000000 0.0569439162061933
0.0000000000000000 0.0000000000000000 0.0000000000000000 0.0510478406870628
0.0000000000000000 0.0000000000000000 0.0000000000000000 0.0467918607442840
0.0000000000000000 0.0000000000000000 0.0000000000000000 0.0342529393732547
0.0000000000000000 0.0000000000000000 0.0000000000000000 0.0038928291760384
0.0194344073387921 0.0000000000000000 0.0000000000000000 0.0000000000000000
0.1109141170248097 0.0990983838763307 0.0000000000000000 0.0000000000000000
0.2588502477635355 0.1101529522342425 0.0000000000000000 0.0000000000000000
0.2077375831995525 0.0000000000000000 0.0000000000000000 0.0000000000000000
0.2168153512565528 0.0000000000000000 0.0000000000000000 0.0000000000000000
0.1790868833807170 0.0000000000000000 0.0000000000000000 0.0000000000000000
0.1341042523728865 0.0000000000000000 0.0000000000000000 0.0000000000000000
0.2464414832492668 0.1618904130058545 0.0000000000000000 0.0000000000000000
0.0256011790358552 0.1422912360041165 0.0000000000000000 0.0000000000000000
0.1071565002641257 0.0819533881676548 0.0000000000000000 0.0000000000000000
0.1785160415751093 0.0000000000000000 0.0000000000000000 0.0000000000000000
0.1029014472721839 0.0232855905139563 0.0000000000000000 0.0000000000000000
0.0539068591214863 0.0000000000000000 0.0298253860032442 0.0000000000000000
0.0000000000000000 0.0000000000000000 0.0000000000000000 0.0000000000000000
0.0000000000000000 0.0000000000000000 0.0496007930414350 0.0000000000000000
0.0309421094463152 0.0000000000000000 0.0000000000000000 0.0000000000000000
0.1446348922363683 0.0000000000000000 0.0000000000000000 0.0000000000000000
0.0862981494004821 0.0000000000000000 0.0000000000000000 0.0000000000000000
0.0214711747771384 0.0000000000000000 0.0000000000000000 0.0000000000000000
0.1368570941774284 0.0000000000000000 0.0000000000000000 0.0000000000000000
0.3748594913850812 0.0000000000000000 0.0000000000000000 0.0000000000000000
0.5858762932612617 0.0000000000000000 0.0000000000000000 0.0778763701262720
0.5373502515548583 0.0000000000000000 0.0000000000000000 0.0926426837713841
0.3070814070017898 0.0000000000000000 0.0000000000000000 0.0892027883954785
0.0749511534530743 0.0000000000000000 0.0000000000000000 0.0644067530666351
0.0629813509098455 0.0000000000000000 0.0000000000000000 0.0689423871171825
0.0484617971176026 0.0000000000000000 0.0000000000000000 0.0602226879794662
0.0361001329533024 0.0000000000000000 0.0000000000000000 0.0574470927500549
0.0656211587582149 0.0000000000000000 0.0000000000000000 0.0387444384323031
0.2095301395391717 0.0000000000000000 0.0000000000000000 0.0065308546245682
0.4296977478353416 0.0000000000000000 0.0000000000000000 0.0000000000000000
0.6017661738483344 0.0000000000000000 0.0000000000000000 0.0000000000000000
0.4575357023261342 0.0413598530505802 0.0000000000000000 0.0000000000000000
0.1273723314644074 0.0000000000000000 0.0146760402137743 0.0000000000000000
0.0000000000000000 0.0598894822466023 0.0000000000000000 0.0000000000000000
0.1015857860592066 0.0000000000000000 0.0000000000000000 0.0000000000000000
0.0000000000000000 0.0000000000000000 0.0000000000000000 0.0000000000000000
0.0539194308513519 0.0883783726642529 0.0000000000000000 0.0000000000000000
0.1263282860464910 0.2862572343399127 0.0000000000000000 0.0000000000000000
0.0196325282109719 0.1345404152557546 0.0270820567128705 0.0000000000000000
0.1300237297281331 0.0000000000000000 0.0000000000000000 0.0000000000000000
0.0908115418372201 0.0335074455203379 0.0000000000000000 0.0000000000000000
0.0463084919633819 0.0000000000000000 0.0495868096091584 0.0000000000000000
0.0126227721718012 0.0000000000000000 0.0000000000000000 0.0000000000000000
0.0191964117189249 0.0000000000000000 0.0237370851212272 0.0000000000000000
0.0000000000000000 0.0000000000000000 0.0000000000000000 0.0000000000000000
0.0000000000000000 0.0000000000000000 0.0746014780492759 0.0000000000000000
0.0000000000000000 0.0000000000000000 0.0425985429801193 0.0000000000000000
0.0000000000000000 0.0000000000000000 0.0000000000000000 0.0000000000000000
0.0776575564607686 0.0000000000000000 0.0000000000000000 0.0000000000000000
0.0528892869896749 0.0000000000000000 0.0000000000000000 0.0000000000000000
0.0164673883394867 0.0000000000000000 0.0000000000000000 0.0000000000000000
0.1174254708868617 0.0000000000000000 0.0000000000000000 0.0002012260641683
0.2335975775969963 0.0000000000000000 0.0000000000000000 0.1125251426434546
0.2238731006050809 0.0000000000000000 0.0000000000000000 0.0745607865682127
0.0817097581338649 0.0000000000000000 0.0000000000000000 0.0647588191060898
0.0281702771928964 0.0000000000000000 0.0000000000000000 0.0597605414816415
0.0256614350074647 0.0000000000000000 0.0000000000000000 0.0443946494154779
0.1106977349841128 0.0000000000000000 0.0000000000000000 0.0000000000000000
0.1945818613411165 0.0000000000000000 0.0000000000000000 0.0000000000000000
0.1809997143552583 0.1434060013250393 0.0000000000000000 0.0000000000000000
0.0891168004595765 0.2276261616936501 0.0000000000000000 0.0000000000000000
0.0000000000000000 0.0337363168085907 0.1156856119048361 0.0000000000000000
0.0000000000000000 0.0000000000000000 0.0000000000000000 0.0000000000000000
0.0000000000000000 0.0000000000000000 0.0000000000000000 0.0000000000000000
0.0849785231930368 0.0000000000000000 0.0000000000000000 0.0000000000000000
0.0821516018726078 0.0000000000000000 0.0000000000000000 0.0000000000000000
0.0105084758032771 0.0000000000000000 0.0000000000000000 0.0000000000000000
0.2628609138230483 0.3146672036644875 0.0000000000000000 0.0000000000000000
0.1554052980361032 0.1520805921989913 0.0067044727650343 0.0000000000000000
0.0484424278870517 0.0000000000000000 0.0000000000000000 0.0000000000000000
0.0887603312584699 0.0312709838663246 0.0000000000000000 0.0000000000000000
0.0336956646366447 0.0000000000000000 0.0512118911041933 0.0000000000000000
0.0000000000000000 0.0000000000000000 0.0000000000000000 0.0000000000000000
0.0076553524563126 0.0000000000000000 0.0589194469738240 0.0000000000000000
0.0000000000000000 0.0000000000000000 0.0816453755121021 0.0000000000000000
0.0000000000000000 0.0000000000000000 0.0000000000000000 0.0000000000000000
0.1661810412564699 0.0000000000000000 0.0000000000000000 0.0000000000000000
0.5591117040053304 0.0000000000000000 0.0000000000000000 0.0000000000000000
0.5817599437838676 0.0000000000000000 0.0000000000000000 0.0000000000000000
0.3842896426863530 0.0000000000000000 0.0000000000000000 0.0000000000000000
0.0739212418157680 0.0000000000000000 0.1092274723757132 0.0000000000000000
0.0000000000000000 0.0000000000000000 0.0580642097501778 0.0000000000000000
0.0000000000000000 0.0000000000000000 0.0000000000000000 0.0000000000000000
0.1349881984877820 0.0000000000000000 0.0000000000000000 0.0605787381420240
0.1166046405978062 0.0000000000000000 0.0000000000000000 0.0883886566842157
0.0000000000000000 0.0000000000000000 0.0000000000000000 0.0767734210244289
0.0000000000000000 0.0000000000000000 0.0000000000000000 0.0129469918123647
0.0335684093044085 0.0000000000000000 0.0000000000000000 0.0000000000000000
0.0913884847625798 0.0791970865034005 0.0000000000000000 0.0000000000000000
0.1457551313819838 0.1123510286285012 0.0000000000000000 0.0000000000000000
0.2610878387940865 0.0000000000000000 0.0000000000000000 0.0000000000000000
0.3096707862820111 0.0000000000000000 0.0000000000000000 0.0000000000000000
0.3594206203870914 0.0000000000000000 0.0000000000000000 0.0000000000000000
0.4641497659186522 0.0000000000000000 0.0000000000000000 0.0000000000000000
0.2401001242884234 0.0000000000000000 0.0000000000000000 0.0000000000000000
0.0615469865208747 0.0000000000000000 0.0000000000000000 0.0000000000000000
0.0783273957961915 0.0000000000000000 0.0000000000000000 0.0000000000000000
0.0448218576902268 0.2549445829482055 0.0000000000000000 0.0000000000000000
0.1444884397673840 0.2564268821375627 0.0200314763276016 0.0000000000000000
0.0000000000000000 0.0542034428420604 0.0642654628511153 0.0000000000000000
0.0654875213462933 0.0301674665554481 0.0000000000000000 0.0000000000000000
0.0405719874974559 0.0000000000000000 0.0884279736409000 0.0000000000000000
0.0000000000000000 0.0000000000000000 0.0000000000000000 0.0000000000000000
0.0000000000000000 0.0000000000000000 0.1135499090394553 0.0000000000000000
0.0000000000000000 0.0000000000000000 0.0435204647189262 0.0000000000000000
0.0217153571838257 0.0546572603504448 0.0000000000000000 0.0000000000000000
0.2125223068483905 0.0000000000000000 0.0000000000000000 0.0000000000000000
0.2729139596077741 0.0589940976789769 0.0000000000000000 0.0000000000000000
0.2260229975423392 0.0442030441746408 0.0000000000000000 0.0000000000000000
0.1686426389889390 0.0000000000000000 0.0000000000000000 0.0000000000000000
0.0000000000000000 0.0000000000000000 0.0097105739966912 0.0000000000000000
0.0000000000000000 0.0000000000000000 0.0605813473682194 0.0000000000000000
0.0000000000000000 0.0000000000000000 0.0000000000000000 0.0000000000000000
0.0000000000000000 0.0000000000000000 0.0000000000000000 0.0000000000000000
0.0627286369747975 0.0000000000000000 0.0000000000000000 0.1123840299781923
0.0090782819279270 0.0000000000000000 0.0000000000000000 0.1113531707366016
0.0006579966375640 0.0000000000000000 0.0000000000000000 0.0088183769737096
0.0000000000000000 0.0000000000000000 0.0000000000000000 0.0000000000000000
0.0409391734968214 0.0936396279098357 0.0000000000000000 0.0000000000000000
0.0540503803859740 0.1344570016671045 0.0000000000000000 0.0000000000000000
0.1161122732740990 0.3679414658935046 0.0000000000000000 0.0000000000000000
0.2304349481329029 0.1570126051631044 0.0000000000000000 0.0000000000000000
0.2175665904347802 0.0000000000000000 0.0000000000000000 0.0000000000000000
0.0000000000000000 0.0000000000000000 0.0550235785690009 0.0000000000000000
0.0000000000000000 0.0808152433630883 0.1482488827743366 0.0000000000000000
0.0000000000000000 0.0000000000000000 0.1396521853538705 0.0000000000000000
0.0000000000000000 0.0615881379109387 0.0000000000000000 0.0000000000000000
0.0000000000000000 0.1063224437701351 0.0000000000000000 0.0000000000000000
0.0786568789943760 0.1691718801344727 0.0000000000000000 0.0000000000000000
0.0000000000000000 0.1100246311183654 0.0874528435807602 0.0000000000000000
0.0671308334989875 0.0208924106157878 0.0000000000000000 0.0000000000000000
0.0145879163315483 0.0000000000000000 0.0655402378270439 0.0000000000000000
0.0000000000000000 0.0000000000000000 0.0000000000000000 0.0000000000000000
0.0000000000000000 0.0000000000000000 0.1266903130228029 0.0000000000000000
0.0000000000000000 0.0000000000000000 0.0852551021485353 0.0000000000000000
0.0000000000000000 0.2904884518288514 0.0000000000000000 0.0000000000000000
0.0000000000000000 0.0947270102287624 0.2359015931466631 0.0000000000000000
0.0000000000000000 0.2109772484895646 0.0409713185520149 0.0000000000000000
0.0000000000000000 0.1051652642514776 0.1651204007075114 0.0000000000000000
0.0000000000000000 0.0000000000000000 0.4664702189684499 0.0000000000000000
0.0000000000000000 0.0000000000000000 0.2168343330715217 0.0880135781916918
0.0000000000000000 0.0000000000000000 0.0579273430447953 0.0000000000000000
0.0043938463078995 0.1037172004361363 0.0000000000000000 0.0000000000000000
0.0247668761102592 0.0000000000000000 0.0651267643360531 0.0000000000000000
0.0000000000000000 0.0000000000000000 0.0202980161078422 0.1019379731888572
0.0000000000000000 0.0000000000000000 0.0000000000000000 0.1358911322101073
0.0000000000000000 0.0000000000000000 0.0000000000000000 0.0270438974540608
0.0000000000000000 0.0000000000000000 0.0000000000000000 0.0000000000000000
0.0000000000000000 0.1139393916244016 0.0000000000000000 0.0000000000000000
0.0000000000000000 0.1346803944265725 0.1528984955858951 0.0000000000000000
0.0000000000000000 0.5209062111947467 0.0000000000000000 0.0000000000000000
0.0000000000000000 0.1663657004853674 0.2134131765760043 0.0000000000000000
0.0000000000000000 0.0000000000000000 0.4138761090078191 0.0000000000000000
0.0000000000000000 0.0000000000000000 0.2278785735076549 0.0000000000000000
0.0000000000000000 0.0140803233738624 0.3502128082893642 0.0000000000000000
0.0000000000000000 0.0000000000000000 0.2684844861208808 0.0000000000000000
0.0000000000000000 0.1539445083296181 0.0990771656819419 0.0000000000000000
0.0000000000000000 0.2061719642769472 0.0224694353473537 0.0000000000000000
0.0000000000000000 0.1713548892488083 0.0072883432475375 0.0000000000000000
0.0818879408433157 0.0653738835497814 0.0004384491592646 0.0000000000000000
0.0565163629166052 0.0100890540097858 0.0000000000000000 0.0000000000000000
0.0152953167610309 0.0000000000000000 0.0086852093975918 0.0000000000000000
0.0000000000000000 0.0000000000000000 0.0000000000000000 0.0000000000000000
0.0423922234744418 0.0000000000000000 0.0884192969284806 0.0000000000000000
0.0000000000000000 0.0000000000000000 0.0873114160389878 0.0000000000000000
0.0000000000000000 0.1468132676958454 0.1044788904122862 0.0000000000000000
0.0000000000000000 0.0835099326994490 0.3025517710868051 0.0000000000000000
0.0000000000000000 0.2209627542206470 0.2173237497169597 0.0000000000000000
0.0000000000000000 0.1598105144193943 0.4039800943185886 0.0000000000000000
0.0000000000000000 0.0000000000000000 0.5205248184867349 0.0000000000000000
0.0000000000000000 0.0000000000000000 0.1249341819581448 0.0584638496842600
0.0000000000000000 0.0000000000000000 0.0000000000000000 0.0000000000000000
0.0342815002828253 0.1211153011915146 0.0000000000000000 0.0000000000000000
0.0774485182966672 0.0000000000000000 0.1074153833456483 0.0000000000000000
0.0000000000000000 0.0000000000000000 0.0885373737078673 0.0898745804769444
0.0000000000000000 0.0000000000000000 0.0000000000000000 0.1315087617977577
0.0000000000000000 0.0000000000000000 0.0000000000000000 0.0464875778694654
0.0000000000000000 0.0000000000000000 0.0000000000000000 0.0034164631976655
0.0000000000000000 0.0000000000000000 0.0000000000000000 0.0000000000000000
0.0000000000000000 0.0000000000000000 0.0633331887131812 0.0000000000000000
0.0000000000000000 0.4688025457090607 0.0375404655787290 0.0000000000000000
0.0000000000000000 0.3157868099636307 0.4709254229623898 0.0000000000000000
0.0000000000000000 0.0000000000000000 0.5880765621860822 0.0000000000000000
0.0000000000000000 0.0000000000000000 0.1872347002008966 0.0105310288951823
0.0000000000000000 0.0000000000000000 0.2706617443731019 0.0000000000000000
0.0000000000000000 0.0000000000000000 0.1995315233135924 0.0000000000000000
0.0000000000000000 0.1283722630683697 0.1548794772110733 0.0000000000000000
0.0000000000000000 0.3499624642013919 0.0077519584301056 0.0000000000000000
0.0000000000000000 0.2158016962528813 0.0014737750677502 0.0000000000000000
0.1165540034718373 0.0000000000000000 0.0000000000000000 0.0000000000000000
0.0445732013121539 0.0000000000000000 0.0000000000000000 0.0000000000000000
0.0658199881660003 0.0000000000000000 0.0000000000000000 0.0000000000000000
0.0217021470414657 0.0000000000000000 0.0047625456662739 0.0000000000000000
0.0000000000000000 0.0000000000000000 0.0716592402069592 0.0000000000000000
0.0000000000000000 0.0000000000000000 0.0281989168083551 0.0054927431503494
0.0000000000000000 0.0000000000000000 0.0681661821098304 0.0000000000000000
0.0000000000000000 0.0078989458215587 0.1958644405445633 0.0000000000000000
0.0000000000000000 0.0732279497253544 0.3390459920188376 0.0000000000000000
0.0000000000000000 0.0000000000000000 0.4182803698322353 0.0000000000000000
0.0000000000000000 0.0000000000000000 0.2885043007120783 0.0074932159965529
0.0000000000000000 0.0000000000000000 0.0221215438901208 0.0248333196210511
0.0441560104051057 0.0000000000000000 0.0000000000000000 0.0000000000000000
0.1461953807549149 0.1053731234269399 0.0000000000000000 0.0000000000000000
0.0703806353988600 0.0000000000000000 0.1474042164855728 0.0000000000000000
0.0000000000000000 0.0000000000000000 0.0894751749056227 0.1037924987574418
0.0000000000000000 0.0000000000000000 0.0000000000000000 0.1103570617297117
0.0000000000000000 0.0000000000000000 0.0000000000000000 0.0511504544219111
0.0000000000000000 0.0000000000000000 0.0000000000000000 0.0233471056629045
0.0000000000000000 0.0000000000000000 0.0000000000000000 0.0048697957275984
0.0000000000000000 0.0000000000000000 0.0646751503880118 0.0000000000000000
0.0000000000000000 0.1225355658095841 0.1866927463123028 0.0000000000000000
0.0000000000000000 0.0373251649605877 0.3995576442091487 0.0000000000000000
0.0000000000000000 0.0000000000000000 0.3989891401035528 0.0055386814069660
0.0000000000000000 0.0000000000000000 0.1338436217942075 0.0339109986618745
0.0000000000000000 0.0000000000000000 0.0756702756399616 0.0000000000000000
0.0000000000000000 0.0000000000000000 0.0564994576587982 0.0000000000000000
0.0000000000000000 0.0000000000000000 0.0585196899797988 0.0000000000000000
0.0060130541085029 0.4425852681711024 0.0000000000000000 0.0000000000000000
0.2105384257932504 0.3543583298649858 0.0000000000000000 0.0000000000000000
0.2258882472766381 0.0000000000000000 0.0000000000000000 0.0000000000000000
0.0484662498767469 0.0000000000000000 0.0000000000000000 0.0000000000000000
0.0613339817845354 0.0000000000000000 0.0000000000000000 0.0000000000000000
0.0717127556748250 0.0000000000000000 0.0183390376030230 0.0000000000000000
0.0000000000000000 0.0000000000000000 0.0718293903724235 0.0000000000000000
0.0000000000000000 0.0000000000000000 0.0000000000000000 0.0345588657712820
0.0000000000000000 0.0000000000000000 0.0000000000000000 0.0227441579267821
0.0000000000000000 0.0000000000000000 0.0000000000000000 0.0014484545325532
0.0000000000000000 0.0000000000000000 0.0744912468043027 0.0000000000000000
0.0000000000000000 0.0000000000000000 0.0787028998866971 0.0000000000000000
0.0000000000000000 0.0000000000000000 0.0142580498521235 0.0037811623776661
0.0000000000000000 0.0000000000000000 0.0000000000000000 0.0000000000000000
0.1108328815622657 0.0316231027610746 0.0000000000000000 0.0000000000000000
0.1803886357913999 0.0530141115407733 0.0000000000000000 0.0000000000000000
0.0697440238998218 0.0000000000000000 0.1239089908991374 0.0000000000000000
0.0000000000000000 0.0000000000000000 0.0144859291540058 0.1236288184464416
0.0000000000000000 0.0000000000000000 0.0000000000000000 0.1023877024467962
0.0000000000000000 0.0000000000000000 0.0000000000000000 0.0577349684529883
0.0000000000000000 0.0000000000000000 0.0000000000000000 0.0311527394908755
0.0000000000000000 0.0000000000000000 0.0000000000000000 0.0380420725263070
0.0000000000000000 0.0000000000000000 0.0000000000000000 0.0349851080636475
0.0000000000000000 0.0000000000000000 0.0163319153528588 0.0030450661283206
0.0000000000000000 0.0000000000000000 0.0500354220469793 0.0088467155802338
0.0000000000000000 0.0000000000000000 0.0201270231721449 0.0264003116199199
0.0000000000000000 0.0000000000000000 0.0110973255526202 0.0340603179243557
0.0000000000000000 0.0000000000000000 0.0000000000000000 0.0356367823850436
0.0000000000000000 0.0000000000000000 0.0000000000000000 0.0051306718723009
0.0000000000000000 0.0000000000000000 0.0000000000000000 0.0000000000000000
0.1714569583096926 0.5757701373494722 0.0000000000000000 0.0000000000000000
0.3077773174088375 0.3773380687350736 0.0064844638182252 0.0000000000000000
0.1708907167555070 0.0037517341693827 0.0000000000000000 0.0000000000000000
0.0364395227356284 0.0000000000000000 0.0186335797330328 0.0000000000000000
0.0257341915339816 0.0438920574956665 0.0000000000000000 0.0000000000000000
0.0316389689696770 0.0000000000000000 0.0276735958880654 0.0000000000000000
0.0000000000000000 0.0000000000000000 0.0711487606094748 0.0000000000000000
0.0000000000000000 0.0000000000000000 0.0000000000000000 0.0315808530385588
0.0150002718994431 0.0000000000000000 0.0000000000000000 0.0254540909629535
0.0328230106217019 0.0000000000000000 0.0000000000000000 0.0400860454047135
0.0419351310560516 0.0000000000000000 0.0000000000000000 0.0237952933646739
0.0115528126995938 0.0000000000000000 0.0000000000000000 0.0156858519048375
0.0000000000000000 0.0000000000000000 0.0000000000000000 0.0000000000000000
0.0000000000000000 0.0000000000000000 0.0000000000000000 0.0000000000000000
0.0811658797164758 0.1385164362323635 0.0000000000000000 0.0000000000000000
0.1798713745878023 0.0213133453957590 0.0000000000000000 0.0000000000000000
0.0538856784356576 0.0000000000000000 0.1084382951405702 0.0000000000000000
0.0000000000000000 0.0000000000000000 0.0000000000000000 0.1346449917748423
0.0000000000000000 0.0000000000000000 0.0000000000000000 0.1002578343063885
0.0000000000000000 0.0000000000000000 0.0000000000000000 0.0616198615609285
0.0000000000000000 0.0000000000000000 0.0000000000000000 0.0278143797654147
0.0000000000000000 0.0000000000000000 0.0000000000000000 0.0553362401677112
0.0000000000000000 0.0000000000000000 0.0000000000000000 0.0606558956096277
0.0022242214603749 0.0000000000000000 0.0000000000000000 0.0384386134753917
0.0000000000000000 0.0000000000000000 0.0020025115387112 0.0274225487738993
0.0000000000000000 0.0000000000000000 0.0151750309283243 0.0356428693742583
0.0000000000000000 0.0000000000000000 0.0061640066989498 0.0417869545300217
0.0000000000000000 0.0000000000000000 0.0000000000000000 0.0339765932830964
0.0000000000000000 0.0000000000000000 0.0000000000000000 0.0120824447376471
0.0111245756494064 0.0000000000000000 0.0000000000000000 0.0000000000000000
0.2249419089479773 0.7056743145062059 0.0000000000000000 0.0000000000000000
0.3022105373442174 0.2777314908291195 0.1723789870081579 0.0000000000000000
0.0177689550992321 0.0440842535931106 0.0000000000000000 0.0000000000000000
0.0374865146098184 0.0000000000000000 0.0147009877597584 0.0000000000000000
0.0446243425648586 0.0594794998201085 0.0000000000000000 0.0000000000000000
0.0757415941971190 0.0000000000000000 0.0160694801339916 0.0000000000000000
0.0000000000000000 0.0000000000000000 0.0756612914742208 0.0000000000000000
0.0000000000000000 0.0000000000000000 0.0000000000000000 0.0158092664919939
0.0358391529058709 0.0000000000000000 0.0000000000000000 0.0046469589731857
0.0068676461630008 0.0000000000000000 0.0000000000000000 0.0284944056935024
0.0095891722715368 0.0000000000000000 0.0000000000000000 0.0323097428179109
0.0000000000000000 0.0000000000000000 0.0000000000000000 0.0245489931811451
0.0000000000000000 0.0000000000000000 0.0000000000000000 0.0117048926012335
0.0247712014790845 0.0000000000000000 0.0000000000000000 0.0000000000000000
0.1496699256493767 0.1925174339948331 0.0000000000000000 0.0000000000000000
0.1857329078018666 0.0000000000000000 0.0000000000000000 0.0000000000000000
0.0000000000000000 0.0000000000000000 0.1458427155719084 0.0145115925839133
0.0000000000000000 0.0000000000000000 0.0000000000000000 0.1368249188140765
0.0000000000000000 0.0000000000000000 0.0017560126077310 0.0978404463232294
0.0000000000000000 0.0000000000000000 0.0000000000000000 0.0626214646752559
0.0000000000000000 0.0000000000000000 0.0000000000000000 0.0246759000672576
0.0130140297407028 0.0000000000000000 0.0000000000000000 0.0436884684469916
0.0492978426025193 0.0000000000000000 0.0000000000000000 0.0551260211212817
0.0771216938746909 0.0000000000000000 0.0000000000000000 0.0569150406465519
0.0522639065250461 0.0000000000000000 0.0000000000000000 0.0675456336480291
0.0000000000000000 0.0000000000000000 0.0000000000000000 0.0574948619704182
0.0000000000000000 0.0000000000000000 0.0000000000000000 0.0489223800289134
0.0000000000000000 0.0000000000000000 0.0000000000000000 0.0342735772386339
0.0126968646020280 0.0000000000000000 0.0000000000000000 0.0155460785380473
0.0336077990923441 0.0000000000000000 0.0000000000000000 0.0000000000000000
0.2080179815052771 0.7537311944087931 0.0000000000000000 0.0000000000000000
0.2684749302764732 0.1630334894665901 0.2192582437585966 0.0000000000000000
0.0070280713631826 0.0515347383112884 0.0000000000000000 0.0000000000000000
0.0205060372019515 0.0000000000000000 0.0162471157370829 0.0000000000000000
0.0476379540474976 0.0634187771628300 0.0000000000000000 0.0000000000000000
0.0988107276751715 0.0000000000000000 0.0000000000000000 0.0000000000000000
0.0054908309350995 0.0000000000000000 0.0714742477910191 0.0000000000000000
0.0000000000000000 0.0000000000000000 0.0000000000000000 0.0000000000000000
0.0605008410910766 0.0000000000000000 0.0000000000000000 0.0000000000000000
0.0236384257820308 0.0000000000000000 0.0000000000000000 0.0286832242729325
0.0109398027699367 0.0000000000000000 0.0000000000000000 0.0346654239293261
0.0133806526514831 0.0000000000000000 0.0000000000000000 0.0336549185252949
0.0377545995309073 0.0000000000000000 0.0000000000000000 0.0174367282703957
0.1255164552406939 0.0000000000000000 0.0000000000000000 0.0000000000000000
0.2238454131373003 0.1974677008667997 0.0000000000000000 0.0000000000000000
0.2414598678695221 0.0000000000000000 0.0000000000000000 0.0000000000000000
0.0000000000000000 0.0000000000000000 0.1137181098335514 0.0300324622450360
0.0000000000000000 0.0000000000000000 0.0000000000000000 0.1544927543686592
0.0000000000000000 0.0000000000000000 0.0000000000000000 0.1113322171035643
0.0000000000000000 0.0000000000000000 0.0000000000000000 0.0673450638941835
0.0466257922059182 0.0000000000000000 0.0000000000000000 0.0195207569474244
0.0349240055125135 0.0000000000000000 0.0000000000000000 0.0245058525828462
0.0628955516014613 0.0000000000000000 0.0000000000000000 0.0218127384380090
0.1010009569134199 0.0000000000000000 0.0000000000000000 0.0355486499766509
0.1279336021080905 0.0000000000000000 0.0000000000000000 0.0837322677613473
0.1078788914370771 0.0000000000000000 0.0000000000000000 0.0865951769473944
0.0581149235513864 0.0000000000000000 0.0000000000000000 0.0542319317019598
0.0630348390662203 0.0000000000000000 0.0000000000000000 0.0367696613255961
0.0649978333682407 0.0000000000000000 0.0000000000000000 0.0129580402107654
0.0689978049520185 0.0000000000000000 0.0000000000000000 0.0000000000000000
0.2185384755479355 0.7446548013345283 0.0000000000000000 0.0000000000000000
0.3376681171065452 0.1335987471555378 0.1532100294881007 0.0000000000000000
0.0662584558859760 0.0146876567353805 0.0000000000000000 0.0000000000000000
0.0563809475331914 0.0000000000000000 0.0000000000000000 0.0000000000000000
0.0625218623847354 0.0492672691231265 0.0000000000000000 0.0000000000000000
0.0996655874246476 0.0000000000000000 0.0142876711034892 0.0000000000000000
0.0000000000000000 0.0000000000000000 0.0971464963082005 0.0000000000000000
0.0000000000000000 0.0000000000000000 0.0000000000000000 0.0000000000000000
0.0201701603537680 0.0000000000000000 0.0000000000000000 0.0000000000000000
0.0430366766657315 0.0000000000000000 0.0000000000000000 0.0287160053155294
0.0357353073563060 0.0000000000000000 0.0000000000000000 0.0319457656247358
0.0501893382884709 0.0000000000000000 0.0000000000000000 0.0244315389835951
0.0694749410099841 0.0000000000000000 0.0000000000000000 0.0002802302695664
0.1307324988438802 0.0000000000000000 0.0000000000000000 0.0000000000000000
0.1344181263417589 0.1635487793342156 0.0000000000000000 0.0000000000000000
0.0775090016424655 0.0481070547200301 0.0000000000000000 0.0000000000000000
0.0137171422587890 0.0000000000000000 0.0000000000000000 0.0000000000000000
0.1083354583411824 0.0000000000000000 0.0000000000000000 0.1546265102502908
0.2235106478573061 0.0000000000000000 0.0000000000000000 0.1409818332477967
0.1192890771902071 0.0000000000000000 0.0000000000000000 0.0660169112349988
0.1215261645615103 0.0000000000000000 0.0000000000000000 0.0266116412995638
0.0142899130343221 0.0000000000000000 0.0000000000000000 0.0195795145835362
0.0000000000000000 0.0000000000000000 0.0000000000000000 0.0000000000000000
0.0052648946788965 0.0000000000000000 0.0000000000000000 0.0000000000000000
0.0409172893593125 0.0000000000000000 0.0000000000000000 0.0408852637142819
0.1229679116869676 0.0000000000000000 0.0000000000000000 0.0874008801510082
0.1318113924679802 0.0000000000000000 0.0000000000000000 0.0526671746964840
0.1017814525640477 0.0000000000000000 0.0000000000000000 0.0249200065236758
0.0846054265750390 0.0000000000000000 0.0000000000000000 0.0115321658076902
0.0500109618054887 0.0000000000000000 0.0000000000000000 0.0000000000000000
0.1877204188383096 0.7692235848848141 0.0000000000000000 0.0000000000000000
0.2914425907620029 0.2454147300810790 0.1639206489876789 0.0000000000000000
0.0394597444318089 0.0090303674121113 0.0000000000000000 0.0000000000000000
0.0591891371005890 0.0000000000000000 0.0000000000000000 0.0000000000000000
0.0681526586559473 0.0440408180960838 0.0000000000000000 0.0000000000000000
0.0785447723579173 0.0000000000000000 0.0136872595066533 0.0000000000000000
0.0000000000000000 0.0000000000000000 0.0915034646862278 0.0000000000000000
0.0000000000000000 0.0000000000000000 0.0000000000000000 0.0000000000000000
0.0000000000000000 0.0000000000000000 0.0000000000000000 0.0000000000000000
0.0244250760797191 0.0000000000000000 0.0000000000000000 0.0101888662131102
0.0522336876713762 0.0000000000000000 0.0000000000000000 0.0260894914833353
0.0553992415613987 0.0000000000000000 0.0000000000000000 0.0108045727708467
0.0893274785110763 0.0000000000000000 0.0000000000000000 0.0000000000000000
0.1162111154812225 0.0000000000000000 0.0000000000000000 0.0000000000000000
0.0558876742188837 0.0439436537304930 0.0079900497241930 0.0000000000000000
0.0000000000000000 0.0960603948974726 0.0936434211830298 0.0000000000000000
0.0000000000000000 0.0000000000000000 0.1158786402321329 0.0000000000000000
0.0000000000000000 0.0000000000000000 0.0624305700846747 0.0252449020889459
0.0184163037322316 0.0000000000000000 0.0000000000000000 0.1261141868436015
0.0695068358644553 0.0000000000000000 0.0000000000000000 0.0485849690185313
0.0131698052526689 0.0000000000000000 0.0000000000000000 0.0364291741859679
0.0000000000000000 0.0000000000000000 0.0000000000000000 0.0437759967995625
0.0000000000000000 0.0000000000000000 0.0000000000000000 0.0084480348737070
0.0000000000000000 0.0000000000000000 0.0000000000000000 0.0000000000000000
0.0000000000000000 0.0000000000000000 0.0000000000000000 0.0000000000000000
0.0397424420743598 0.0000000000000000 0.0000000000000000 0.0453542653580799
0.1494056011385779 0.0000000000000000 0.0000000000000000 0.0456988863975686
0.1195721243380333 0.0000000000000000 0.0000000000000000 0.0187177013423221
0.0728737049096939 0.0000000000000000 0.0000000000000000 0.0108998534525288
0.0857022846884588 0.0000000000000000 0.0000000000000000 0.0000000000000000
0.3100312911850563 0.7159877202455320 0.0000000000000000 0.0000000000000000
0.4327076398712747 0.1382145866094266 0.1313146160878972 0.0000000000000000
0.0029056078516970 0.0000000000000000 0.0000000000000000 0.0000000000000000
0.0657540722658821 0.0071095468878162 0.0000000000000000 0.0000000000000000
0.0538821573789213 0.0130888736058100 0.0000000000000000 0.0000000000000000
0.0413458239068003 0.0000000000000000 0.0000000000000000 0.0000000000000000
0.0093371218179955 0.0000000000000000 0.0323595112445308 0.0000000000000000
0.0143443214396636 0.0000000000000000 0.0000000000000000 0.0000000000000000
0.0150347048014987 0.0000000000000000 0.0000000000000000 0.0000000000000000
0.0000000000000000 0.0000000000000000 0.0213584254915808 0.0000000000000000
0.0000000000000000 0.0000000000000000 0.0000000000000000 0.0150956157266218
0.0816078617730563 0.0000000000000000 0.0000000000000000 0.0000000000000000
0.2051873132732570 0.0000000000000000 0.0000000000000000 0.0000000000000000
0.2150250335388323 0.0000000000000000 0.0000000000000000 0.0000000000000000
0.1070961640599895 0.0000000000000000 0.0000000000000000 0.0000000000000000
0.0000000000000000 0.0000000000000000 0.0738288247409989 0.0000000000000000
0.0000000000000000 0.0000000000000000 0.2768843318682674 0.0000000000000000
0.0000000000000000 0.0000000000000000 0.2991352232282652 0.0000000000000000
0.0000000000000000 0.0000000000000000 0.1456054038715128 0.0487739454480071
0.0000000000000000 0.0000000000000000 0.0426695251216492 0.0538961259356024
0.0000000000000000 0.0000000000000000 0.0156735152371374 0.0471550825344142
0.0000000000000000 0.0000000000000000 0.0000000000000000 0.0449843340809000
0.0000000000000000 0.0000000000000000 0.0000000000000000 0.0295607897635622
0.0013468410308454 0.0000000000000000 0.0000000000000000 0.0000000000000000
0.0861242307021337 0.0000000000000000 0.0000000000000000 0.0000000000000000
0.0761381706624638 0.0000000000000000 0.0000000000000000 0.0000000000000000
0.1142191063393565 0.0000000000000000 0.0000000000000000 0.0467506526768500
0.0171931928717622 0.0000000000000000 0.0000000000000000 0.0063158383775577
0.0000000000000000 0.0000000000000000 0.0000000000000000 0.0115839970188545
0.2023837678426622 0.1027074022547288 0.0000000000000000 0.0000000000000000
0.5300535793836210 0.5433121835411180 0.0000000000000000 0.0000000000000000
0.6598553126203079 0.0000000000000000 0.0000000000000000 0.0000000000000000
0.0374806624271122 0.0000000000000000 0.0000000000000000 0.0000000000000000
0.0695431502280282 0.0076143395155668 0.0000000000000000 0.0000000000000000
0.0661198279875166 0.0000000000000000 0.0000000000000000 0.0000000000000000
0.0603076995441727 0.0000000000000000 0.0000000000000000 0.0000000000000000
0.0469651158387755 0.0000000000000000 0.0133514315182087 0.0000000000000000
0.0000000000000000 0.0000000000000000 0.0064710818523285 0.0000000000000000
0.0000000000000000 0.0000000000000000 0.0000000000000000 0.0000000000000000
0.0000000000000000 0.0000000000000000 0.0814621936383785 0.0000000000000000
0.0000000000000000 0.0000000000000000 0.0000000000000000 0.0000000000000000
0.0000000000000000 0.0000000000000000 0.0000000000000000 0.0000000000000000
0.1453607364466378 0.0433433976608749 0.0000000000000000 0.0000000000000000
0.3517990603020378 0.0000000000000000 0.0000000000000000 0.0000000000000000
0.5171296155774125 0.0000000000000000 0.0000000000000000 0.0000000000000000
0.4739229156544396 0.0000000000000000 0.0000000000000000 0.0000000000000000
0.4111756453181014 0.0000000000000000 0.0000000000000000 0.0247721230172936
0.3304282941508526 0.0000000000000000 0.0000000000000000 0.0607838405844042
0.2278057408537351 0.0000000000000000 0.0000000000000000 0.0657476567718037
0.2577072671669371 0.0000000000000000 0.0000000000000000 0.0999920232696276
0.3504894649719490 0.0000000000000000 0.0000000000000000 0.0661765925348828
0.3829643353381578 0.0000000000000000 0.0000000000000000 0.0689130413053812
0.4262132299150908 0.0000000000000000 0.0000000000000000 0.0465840894181062
0.4732859327950898 0.0000000000000000 0.0000000000000000 0.0000000000000000
0.4669157142002208 0.0000000000000000 0.0000000000000000 0.0000000000000000
0.1011094429183240 0.0000000000000000 0.0852017031872974 0.0000000000000000
0.0000000000000000 0.0000000000000000 0.0000000000000000 0.0642761923299701
0.0000000000000000 0.0000000000000000 0.0003583506041883 0.0167909032610409
0.0000000000000000 0.0000000000000000 0.0000000000000000 0.0124498529871013
0.2663754983713816 0.5214605082118628 0.0000000000000000 0.0000000000000000
0.4581408527405824 0.4392727403152807 0.0000000000000000 0.0000000000000000
0.3851356739945272 0.0000000000000000 0.0000000000000000 0.0000000000000000
0.0163172993443760 0.0000000000000000 0.0000000000000000 0.0000000000000000
0.0543362843493621 0.0000000000000000 0.0000000000000000 0.0000000000000000
0.0678619182431230 0.0048635528148974 0.0000000000000000 0.0000000000000000
0.0816174840079803 0.0000000000000000 0.0000000000000000 0.0000000000000000
0.0911322106187250 0.0000000000000000 0.0000000000000000 0.0000000000000000
0.0358524311845209 0.0000000000000000 0.0141251097195873 0.0000000000000000
0.0476811567796212 0.0000000000000000 0.0000000000000000 0.0000000000000000
0.0165853978225998 0.0000000000000000 0.0181376339539009 0.0000000000000000
0.0000000000000000 0.0000000000000000 0.0137191713659787 0.0208644485301976
0.0000000000000000 0.0000000000000000 0.0000000000000000 0.0000000000000000
0.0000000000000000 0.3230670376516440 0.0000000000000000 0.0000000000000000
0.0920911566737819 0.0847774252660719 0.0000000000000000 0.0000000000000000
0.0737912177309102 0.0000000000000000 0.0528501835669957 0.0000000000000000
0.0000000000000000 0.0000000000000000 0.0000000000000000 0.0000000000000000
0.0000000000000000 0.0000000000000000 0.1591588149760284 0.0000000000000000
0.0000000000000000 0.0072154557368919 0.0394771104349809 0.0000000000000000
0.0000000000000000 0.0000000000000000 0.1051501602372703 0.0000000000000000
0.0000000000000000 0.0000000000000000 0.0000000000000000 0.0000000000000000
0.0000000000000000 0.0000000000000000 0.0302301342142563 0.0000000000000000
0.0000000000000000 0.0000000000000000 0.0000000000000000 0.0000000000000000
0.0865259242262327 0.2023664284789679 0.0000000000000000 0.0000000000000000
0.1065503595360354 0.0000000000000000 0.0505389091138748 0.0000000000000000
0.0000000000000000 0.0849589708900335 0.0000000000000000 0.0000000000000000
0.0000000000000000 0.0000000000000000 0.2127467499278924 0.0000000000000000
0.0000000000000000 0.0000000000000000 0.0000000000000000 0.0736161152631337
0.0000000000000000 0.0000000000000000 0.0000000000000000 0.0208946073701715
0.0650340552277427 0.0000000000000000 0.0000000000000000 0.0000000000000000
0.3216945043235433 0.7200418590988015 0.0000000000000000 0.0000000000000000
0.4651035493933687 0.3070313399109770 0.0452292603458844 0.0000000000000000
0.0631768192000249 0.0000000000000000 0.0000000000000000 0.0000000000000000
0.0824701375090608 0.0000000000000000 0.0000000000000000 0.0000000000000000
0.0710113428825257 0.0074492181121719 0.0000000000000000 0.0000000000000000
0.0664279028335038 0.0133051896577372 0.0000000000000000 0.0000000000000000
0.0533033194933452 0.0000000000000000 0.0000000000000000 0.0000000000000000
0.0069051751757369 0.0000000000000000 0.0011135205626488 0.0000000000000000
0.0000000000000000 0.0000000000000000 0.0207652608334434 0.0000000000000000
0.0301211553315322 0.0000000000000000 0.0000000000000000 0.0000000000000000
0.1123465664100413 0.0000000000000000 0.0000000000000000 0.0000000000000000
0.0105936458736073 0.0000000000000000 0.0000000000000000 0.0748009902808596
0.0416857277499695 0.0000000000000000 0.0000000000000000 0.0043765632526986
0.0252281840963692 0.3213514416460312 0.0000000000000000 0.0000000000000000
0.0256951857285173 0.3109202236886702 0.1038738242697482 0.0000000000000000
0.0000000000000000 0.0000000000000000 0.3804509571735181 0.0000000000000000
0.0000000000000000 0.0000000000000000 0.2450788203919051 0.0835981793007723
0.0000000000000000 0.0000000000000000 0.3279919109654192 0.0119404506358299
0.0000000000000000 0.0000000000000000 0.3326281993923819 0.0000000000000000
0.0000000000000000 0.0000000000000000 0.3536203844947559 0.0000000000000000
0.0000000000000000 0.0000000000000000 0.2472437910516473 0.0104892387620959
0.0000000000000000 0.0000000000000000 0.1849678223550905 0.0000000000000000
0.0000000000000000 0.0000000000000000 0.1110627546687335 0.0000000000000000
0.0000000000000000 0.0622885444950239 0.1410863182562240 0.0000000000000000
0.0000000000000000 0.0000000000000000 0.3805021192805441 0.0000000000000000
0.0000000000000000 0.0000000000000000 0.0919874789741109 0.0000000000000000
0.0000000000000000 0.0000000000000000 0.1531697998590329 0.0000000000000000
0.0000000000000000 0.0000000000000000 0.0000000000000000 0.0477077905052141
0.0259868290348381 0.0000000000000000 0.0000000000000000 0.0077372559181907
0.2503059554187691 0.0937090275845691 0.0000000000000000 0.0000000000000000
0.5438443947510392 0.5359681277371504 0.0000000000000000 0.0000000000000000
0.6286619083992407 0.0888227167155813 0.0000000000000000 0.0000000000000000
0.0617104501554779 0.0125616794926863 0.0000000000000000 0.0000000000000000
0.0469562406487325 0.0000000000000000 0.0000000000000000 0.0000000000000000
0.0604770205622795 0.0229703200433184 0.0000000000000000 0.0000000000000000
0.0620331197246617 0.0070427687802151 0.0000000000000000 0.0000000000000000
0.0439869822678613 0.0000000000000000 0.0000000000000000 0.0000000000000000
0.0531303458207963 0.0000000000000000 0.0000000000000000 0.0000000000000000
0.0967174643248904 0.0000000000000000 0.0000000000000000 0.0000000000000000
0.1039684728518420 0.0000000000000000 0.0000000000000000 0.0000000000000000
0.1929495852805819 0.0000000000000000 0.0000000000000000 0.0000000000000000
0.0925707177058155 0.0000000000000000 0.0000000000000000 0.0675590793182160
0.1118145344158014 0.0000000000000000 0.0000000000000000 0.0440086696899550
0.1657230687930302 0.0811175270626942 0.0000000000000000 0.0000000000000000
0.0344993333460069 0.2873496127406172 0.0000000000000000 0.0000000000000000
0.0000000000000000 0.0000000000000000 0.1222206228869218 0.0000000000000000
0.0000000000000000 0.0000000000000000 0.0000000000000000 0.1112781276068120
0.3983425718750440 0.0000000000000000 0.0000000000000000 0.1491643630753399
0.3889535828402229 0.0000000000000000 0.0000000000000000 0.1110122698377453
0.3312676235010810 0.0000000000000000 0.0000000000000000 0.1156912160672102
0.2093375707227810 0.0000000000000000 0.0000000000000000 0.0947603739268494
0.2991757302745882 0.0000000000000000 0.0000000000000000 0.0439234510904142
0.1871805095643390 0.0000000000000000 0.0000000000000000 0.0000000000000000
0.0588904761654489 0.0000000000000000 0.0547457339205578 0.0000000000000000
0.0000000000000000 0.0000000000000000 0.0612025236601340 0.0436100150805478
0.0000000000000000 0.0000000000000000 0.0000000000000000 0.0000000000000000
0.0000000000000000 0.0000000000000000 0.0444565014658020 0.0000000000000000
0.0000000000000000 0.0000000000000000 0.0000000000000000 0.0106316514550617
0.1996491529047490 0.0000000000000000 0.0000000000000000 0.0000000000000000
0.6318982289556194 0.2975345055335292 0.0000000000000000 0.0000000000000000
0.7684437621896174 0.1698398642607179 0.0000000000000000 0.0000000000000000
0.3924403443494264 0.0706745820229544 0.0000000000000000 0.0000000000000000
0.0481756197325155 0.0279083108565971 0.0000000000000000 0.0000000000000000
0.0588381747258645 0.0000000000000000 0.0000000000000000 0.0000000000000000
0.0376016336182753 0.0216540429741144 0.0000000000000000 0.0000000000000000
0.0454657390859781 0.0214744988828897 0.0000000000000000 0.0000000000000000
0.0633741085874099 0.0000000000000000 0.0000000000000000 0.0000000000000000
0.0882958799454511 0.0000000000000000 0.0000000000000000 0.0000000000000000
0.1231469168236443 0.0000000000000000 0.0000000000000000 0.0000000000000000
0.1283356041154441 0.0000000000000000 0.0000000000000000 0.0000000000000000
0.1362414640392743 0.0000000000000000 0.0000000000000000 0.0000000000000000
0.2119159611270709 0.0000000000000000 0.0000000000000000 0.0350016942028614
0.1238803218246675 0.0000000000000000 0.0000000000000000 0.0360639094502903
0.1743090524831239 0.0000000000000000 0.0000000000000000 0.0000000000000000
0.0782231300923169 0.1228086375649653 0.0000000000000000 0.0000000000000000
0.0000000000000000 0.0000000000000000 0.0969200292784793 0.0000000000000000
0.0000000000000000 0.0000000000000000 0.0000000000000000 0.0000000000000000
0.1155730817101749 0.0000000000000000 0.0000000000000000 0.0211117081910225
0.3188009918174323 0.0000000000000000 0.0000000000000000 0.0557324244074669
0.3203631969497484 0.0000000000000000 0.0000000000000000 0.0630614176575168
0.3461281406382719 0.0000000000000000 0.0000000000000000 0.0424338507392973
0.2628348810853910 0.0000000000000000 0.0000000000000000 0.0010733459053525
0.1269583201729785 0.0000000000000000 0.0000000000000000 0.0083559478048746
0.0000000000000000 0.0000000000000000 0.0446522742582888 0.0446572658441522
0.0000000000000000 0.0000000000000000 0.0000000000000000 0.0526116864974884
0.0000000000000000 0.0000000000000000 0.0000000000000000 0.0000000000000000
0.0069142455417736 0.0000000000000000 0.0000000000000000 0.0000000000000000
0.0333071747685181 0.0000000000000000 0.0000000000000000 0.0000000000000000
0.3670914064289307 0.3441514650907587 0.0000000000000000 0.0000000000000000
0.5450518766308532 0.4010755815853675 0.0000000000000000 0.0000000000000000
0.5095825002327854 0.1221279712941717 0.0000000000000000 0.0000000000000000
0.0446637116664765 0.0121577614735739 0.0000000000000000 0.0000000000000000
0.0485652380568140 0.0229233475511565 0.0000000000000000 0.0000000000000000
0.0699951455143153 0.0000000000000000 0.0000000000000000 0.0000000000000000
0.0418197662660889 0.0206877560811300 0.0000000000000000 0.0000000000000000
0.0438605745487353 0.0246132717632196 0.0000000000000000 0.0000000000000000
0.0459818147415040 0.0279973336513720 0.0000000000000000 0.0000000000000000
0.0444858488937219 0.0047274736285794 0.0000000000000000 0.0000000000000000
0.0391594764502610 0.0000000000000000 0.0066018085780681 0.0000000000000000
0.0693539508271451 0.0000000000000000 0.0000000000000000 0.0000000000000000
0.0773322926286389 0.0000000000000000 0.0000000000000000 0.0000000000000000
0.2314547493031212 0.0000000000000000 0.0000000000000000 0.0000000000000000
0.2529676706037101 0.0000000000000000 0.0000000000000000 0.0226276786778780
0.1677410131429925 0.0000000000000000 0.0000000000000000 0.0000000000000000
0.1120008434589004 0.0000000000000000 0.0000000000000000 0.0000000000000000
0.0000000000000000 0.0000000000000000 0.0986404218802265 0.0000000000000000
0.0000000000000000 0.0000000000000000 0.1639896437233569 0.0000000000000000
0.0000000000000000 0.0000000000000000 0.1845125638825051 0.0000000000000000
0.0000000000000000 0.0000000000000000 0.1135548927401211 0.0000000000000000
0.0000000000000000 0.0000000000000000 0.0122479773911776 0.0000000000000000
0.0000000000000000 0.0000000000000000 0.0335813300866707 0.0000000000000000
0.0000000000000000 0.0000000000000000 0.0713954212837946 0.0052319913828636
0.0000000000000000 0.0000000000000000 0.0631560077635097 0.0503427538619030
0.0000000000000000 0.0000000000000000 0.0119478836290392 0.0651924606850919
0.0000000000000000 0.0000000000000000 0.0000000000000000 0.0343156801664508
0.0210555433496539 0.0000000000000000 0.0000000000000000 0.0051969993421260
0.0407863467785656 0.0000000000000000 0.0000000000000000 0.0000000000000000
0.1916463361505199 0.0460047194113333 0.0000000000000000 0.0000000000000000
0.4554325172568068 0.5867767073725370 0.0000000000000000 0.0000000000000000
0.5369754605287431 0.1874360761440852 0.0000000000000000 0.0000000000000000
0.0745582465885901 0.0047625629560036 0.0000000000000000 0.0000000000000000
0.0533196121308149 0.0162161804808705 0.0000000000000000 0.0000000000000000
0.0514497783692444 0.0178932401260325 0.0000000000000000 0.0000000000000000
0.0540526157938967 0.0073929470032454 0.0000000000000000 0.0000000000000000
0.0145729470925004 0.0411637097524077 0.0158889473141993 0.0000000000000000
0.0401267784921562 0.0252741564941757 0.0000000000000000 0.0000000000000000
0.0564267622927825 0.0429213485370080 0.0000000000000000 0.0000000000000000
0.0645800379999713 0.0013572630709877 0.0000000000000000 0.0000000000000000
0.0605892208130921 0.0000000000000000 0.0000000000000000 0.0000000000000000
0.0861465106846071 0.0624115324414828 0.0000000000000000 0.0000000000000000
0.1581254041516313 0.0000000000000000 0.0000000000000000 0.0000000000000000
0.1167882937280571 0.0000000000000000 0.0000000000000000 0.0000000000000000
0.2930374344043872 0.0000000000000000 0.0000000000000000 0.0035962069754069
0.2706514774438212 0.0000000000000000 0.0000000000000000 0.0000000000000000
0.1808006501519213 0.0000000000000000 0.0000000000000000 0.0000000000000000
0.0310417869365683 0.0000000000000000 0.0000000000000000 0.0000000000000000
0.0000000000000000 0.0000000000000000 0.1127580997698448 0.0000000000000000
0.0000000000000000 0.0000000000000000 0.2267879745904720 0.0000000000000000
0.0000000000000000 0.0000000000000000 0.1944003205308142 0.0000000000000000
0.0000000000000000 0.0000000000000000 0.1537821760437653 0.0000000000000000
0.0000000000000000 0.0000000000000000 0.1910496301875979 0.0000000000000000
0.0000000000000000 0.0000000000000000 0.1499879115863759 0.0350785209413837
0.0000000000000000 0.0000000000000000 0.0481114653906984 0.0599511642118588
0.0000000000000000 0.0000000000000000 0.0000000000000000 0.0489538625211400
0.0170606168315693 0.0000000000000000 0.0000000000000000 0.0270303586534425
0.0442474786995672 0.0000000000000000 0.0000000000000000 0.0024953970192548
0.1102842033932022 0.0000000000000000 0.0000000000000000 0.0000000000000000
0.2868969842937648 0.2575933740784725 0.0000000000000000 0.0000000000000000
0.4117602063014227 0.4955752396481294 0.0000000000000000 0.0000000000000000
0.3458551139662078 0.1829013830817798 0.0000000000000000 0.0000000000000000
0.0436867932916856 0.0070840177801894 0.0000000000000000 0.0000000000000000
0.0623310551193415 0.0296218335701554 0.0000000000000000 0.0000000000000000
0.0640497850290701 0.0062420089966526 0.0000000000000000 0.0000000000000000
0.0645624786469282 0.0112091175992699 0.0000000000000000 0.0000000000000000
0.0000000000000000 0.0895220471874756 0.0506378832474059 0.0000000000000000
0.0089441063795604 0.0441869278529695 0.0000000000000000 0.0000000000000000
0.0647675882221437 0.0559736204424909 0.0000000000000000 0.0000000000000000
0.0723888249812173 0.0201664079565044 0.0000000000000000 0.0000000000000000
0.0681165876780071 0.0000000000000000 0.0000000000000000 0.0000000000000000
0.0563066343320351 0.0331223194140430 0.0000000000000000 0.0000000000000000
0.0781105126674269 0.0694815956713522 0.0000000000000000 0.0000000000000000
0.0613974155602502 0.0000000000000000 0.0000000000000000 0.0000000000000000
0.1069832311395337 0.0000000000000000 0.0000000000000000 0.0000000000000000
0.3075557134168990 0.0000000000000000 0.0000000000000000 0.0000000000000000
0.2863394020088748 0.0000000000000000 0.0000000000000000 0.0070807888537792
0.1135299252382680 0.0000000000000000 0.0000000000000000 0.0134673323044005
0.0154589873756849 0.0000000000000000 0.0000000000000000 0.0163211444319755
0.0000000000000000 0.0000000000000000 0.0379019086851793 0.0143905480081836
0.0000000000000000 0.0000000000000000 0.0457914397339611 0.0295716852954059
0.0000000000000000 0.0000000000000000 0.0679738098865046 0.0244729892259428
0.0000000000000000 0.0000000000000000 0.0641467755112578 0.0415341350724738
0.0000000000000000 0.0000000000000000 0.0224186853743067 0.0578737362780992
0.0000000000000000 0.0000000000000000 0.0000000000000000 0.0472216585395383
0.0000000000000000 0.0000000000000000 0.0000000000000000 0.0320198606590137
0.0601586822055133 0.0000000000000000 0.0000000000000000 0.0209264125894097
0.1203610082905666 0.0000000000000000 0.0000000000000000 0.0000000000000000
0.2379461190133703 0.0000000000000000 0.0000000000000000 0.0000000000000000
0.3842096286515393 0.3382981229573488 0.0000000000000000 0.0000000000000000
0.5021633654102390 0.3094891755677321 0.0000000000000000 0.0000000000000000
0.2114350622629418 0.0711850718321169 0.0000000000000000 0.0000000000000000
0.0559407484735928 0.0044221118457762 0.0000000000000000 0.0000000000000000
0.0615015293891523 0.0288564879885491 0.0000000000000000 0.0000000000000000
0.0873594981636487 0.0000000000000000 0.0000000000000000 0.0000000000000000
0.0551463013040084 0.0027479001339160 0.0000000000000000 0.0000000000000000
0.0511774276839752 0.0754812717364699 0.0000000000000000 0.0000000000000000
0.0033019814859418 0.0817383897728195 0.0000000000000000 0.0000000000000000
0.0664990068504623 0.0564954651702268 0.0000000000000000 0.0000000000000000
0.0691094977452475 0.0240368477488850 0.0000000000000000 0.0000000000000000
0.0456229162420712 0.0000000000000000 0.0000000000000000 0.0000000000000000
0.0597755153827808 0.0000000000000000 0.0000000000000000 0.0000000000000000
0.0655102495323209 0.0418798490701353 0.0000000000000000 0.0000000000000000
0.0393352143174293 0.0238338822024126 0.0000000000000000 0.0000000000000000
0.0802989341318607 0.0000000000000000 0.0000000000000000 0.0000000000000000
0.1100603062586457 0.0000000000000000 0.0000000000000000 0.0000000000000000
0.2482644972117508 0.0000000000000000 0.0000000000000000 0.0000000000000000
0.2232174808926440 0.0000000000000000 0.0000000000000000 0.0539354036616928
0.1332064480612091 0.0000000000000000 0.0000000000000000 0.0468498813956246
0.0480483887096246 0.0000000000000000 0.0000000000000000 0.0536608263594556
0.0000000000000000 0.0000000000000000 0.0000000000000000 0.0698209496361075
0.0000000000000000 0.0000000000000000 0.0000000000000000 0.0545488212275885
0.0000000000000000 0.0000000000000000 0.0000000000000000 0.0657799500424195
0.0000000000000000 0.0000000000000000 0.0000000000000000 0.0605606781428351
0.0453355455369341 0.0000000000000000 0.0000000000000000 0.0375142605646568
0.1050861125337143 0.0000000000000000 0.0000000000000000 0.0181947609409689
0.1469945707011456 0.0000000000000000 0.0000000000000000 0.0000000000000000
0.1990999115302282 0.0000000000000000 0.0000000000000000 0.0000000000000000
0.3181535254944775 0.1530390394595908 0.0000000000000000 0.0000000000000000
0.4519059532851564 0.2794117211345949 0.0000000000000000 0.0000000000000000
0.4338273413479327 0.2191938608957856 0.0000000000000000 0.0000000000000000
0.1959281864557781 0.0581782970139209 0.0000000000000000 0.0000000000000000
0.0573757804930210 0.0361619070975804 0.0000000000000000 0.0000000000000000
0.0653935238865076 0.0289828380314158 0.0000000000000000 0.0000000000000000
0.0529302908363296 0.0142449020389833 0.0000000000000000 0.0000000000000000
0.0293670672265922 0.0000000000000000 0.0201246188990041 0.0000000000000000
