0.4127197265625000 0.4310302734375000 0.0000000000000000 0.0000000000000000
0.3443603515625000 0.1410522460937500 0.0000000000000000 0.0000000000000000
0.0410156250000000 0.0626220703125000 0.0000000000000000 0.0000000000000000
0.0513305664062500 0.0000000000000000 0.0325317382812500 0.0000000000000000
0.0000000000000000 0.0000000000000000 0.1264038085937500 0.0000000000000000
0.0000000000000000 0.0000000000000000 0.2149658203125000 0.0000000000000000
0.0000000000000000 0.0000000000000000 0.1112670898437500 0.0000000000000000
0.0000000000000000 0.0000000000000000 0.0523681640625000 0.0000000000000000
0.0000000000000000 0.0000000000000000 0.0119628906250000 0.0000000000000000
0.0000000000000000 0.0000000000000000 0.0000000000000000 0.0000000000000000
0.0000000000000000 0.0000000000000000 0.0114746093750000 0.0000000000000000
0.0000000000000000 0.0000000000000000 0.0039672851562500 0.0000000000000000
0.0000000000000000 0.0000000000000000 0.0092773437500000 0.0000000000000000
0.0000000000000000 0.0000000000000000 0.0260620117187500 0.0000000000000000
0.0000000000000000 0.0000000000000000 0.0670166015625000 0.0000000000000000
0.0000000000000000 0.1666870117187500 0.1045532226562500 0.0000000000000000
0.0000000000000000 0.3544311523437500 0.1201782226562500 0.0000000000000000
0.0000000000000000 0.2767944335937500 0.1411132812500000 0.0000000000000000
0.0000000000000000 0.0000000000000000 0.1444702148437500 0.0000000000000000
0.0000000000000000 0.0000000000000000 0.0000000000000000 0.0000000000000000
0.0000000000000000 0.0000000000000000 0.0635986328125000 0.0000000000000000
0.0000000000000000 0.0000000000000000 0.1301879882812500 0.0000000000000000
0.0000000000000000 0.0000000000000000 0.0000000000000000 0.0000000000000000
0.0000000000000000 0.2025756835937500 0.0000000000000000 0.0000000000000000
0.0226440429687500 0.0305786132812500 0.0748901367187500 0.0000000000000000
0.0000000000000000 0.0000000000000000 0.0000000000000000 0.0000000000000000
0.0988769531250000 0.0000000000000000 0.0000000000000000 0.0000000000000000
0.0886230468750000 0.0000000000000000 0.0000000000000000 0.0000000000000000
0.1007080078125000 0.0000000000000000 0.0000000000000000 0.0000000000000000
0.0758666992187500 0.0000000000000000 0.0000000000000000 0.0000000000000000
0.4737548828125000 0.2468261718750000 0.0000000000000000 0.0000000000000000
0.1898803710937500 0.0556030273437500 0.0000000000000000 0.0000000000000000
0.1045532226562500 0.0111694335937500 0.0000000000000000 0.0000000000000000
0.0219726562500000 0.0000000000000000 0.0458374023437500 0.0000000000000000
0.0000000000000000 0.0000000000000000 0.1177368164062500 0.0000000000000000
0.0000000000000000 0.0000000000000000 0.1375732421875000 0.0000000000000000
0.0000000000000000 0.0000000000000000 0.0533447265625000 0.0000000000000000
0.0000000000000000 0.0000000000000000 0.0426025390625000 0.0000000000000000
0.0000000000000000 0.0000000000000000 0.0244750976562500 0.0000000000000000
0.0000000000000000 0.0000000000000000 0.0012207031250000 0.0000000000000000
0.0000000000000000 0.0000000000000000 0.0020751953125000 0.0063476562500000
0.0000000000000000 0.0000000000000000 0.0000000000000000 0.0069580078125000
0.0000000000000000 0.0000000000000000 0.0000000000000000 0.0000000000000000
0.0000000000000000 0.0000000000000000 0.0000000000000000 0.0000000000000000
0.0000000000000000 0.0000000000000000 0.0075073242187500 0.0000000000000000
0.0000000000000000 0.0000000000000000 0.0359497070312500 0.0000000000000000
0.0000000000000000 0.2369384765625000 0.0636596679687500 0.0000000000000000
0.0000000000000000 0.3406372070312500 0.1437988281250000 0.0000000000000000
0.0000000000000000 0.0809326171875000 0.1439819335937500 0.0000000000000000
0.0000000000000000 0.0000000000000000 0.0596923828125000 0.0000000000000000
0.0311279296875000 0.0000000000000000 0.0000000000000000 0.0000000000000000
0.0000000000000000 0.0000000000000000 0.0000000000000000 0.0000000000000000
0.0565185546875000 0.0000000000000000 0.0000000000000000 0.0000000000000000
0.0563964843750000 0.1101074218750000 0.0000000000000000 0.0000000000000000
0.0000000000000000 0.1343383789062500 0.1229248046875000 0.0000000000000000
0.0000000000000000 0.0406494140625000 0.0000000000000000 0.0000000000000000
0.0000000000000000 0.0000000000000000 0.0230102539062500 0.0000000000000000
0.0563354492187500 0.0000000000000000 0.0000000000000000 0.0000000000000000
0.0000000000000000 0.0000000000000000 0.0000000000000000 0.0000000000000000
0.0351562500000000 0.0000000000000000 0.0000000000000000 0.0000000000000000
0.5360107421875000 0.1553344726562500 0.0000000000000000 0.0000000000000000
0.1182250976562500 0.0398559570312500 0.0000000000000000 0.0000000000000000
0.1105957031250000 0.0448608398437500 0.0000000000000000 0.0000000000000000
0.0153198242187500 0.0000000000000000 0.0402221679687500 0.0000000000000000
0.0000000000000000 0.0000000000000000 0.1149291992187500 0.0000000000000000
0.0000000000000000 0.0000000000000000 0.0526733398437500 0.0000000000000000
0.0000000000000000 0.0000000000000000 0.0382690429687500 0.0000000000000000
0.0000000000000000 0.0000000000000000 0.0306396484375000 0.0000000000000000
0.0000000000000000 0.0000000000000000 0.0171508789062500 0.0000000000000000
0.0000000000000000 0.0000000000000000 0.0000000000000000 0.0016479492187500
0.0000000000000000 0.0000000000000000 0.0000000000000000 0.0151977539062500
0.0000000000000000 0.0000000000000000 0.0000000000000000 0.0108032226562500
0.0000000000000000 0.0000000000000000 0.0000000000000000 0.0054321289062500
0.0000000000000000 0.0000000000000000 0.0000000000000000 0.0059814453125000
0.0000000000000000 0.0000000000000000 0.0000000000000000 0.0000000000000000
0.0000000000000000 0.0000000000000000 0.0114135742187500 0.0000000000000000
0.0000000000000000 0.0794677734375000 0.0105590820312500 0.0000000000000000
0.0000000000000000 0.2614746093750000 0.1045532226562500 0.0000000000000000
0.0000000000000000 0.2209472656250000 0.1920166015625000 0.0000000000000000
0.0000000000000000 0.0183715820312500 0.1440429687500000 0.0000000000000000
0.0000000000000000 0.0000000000000000 0.0543212890625000 0.0000000000000000
0.0326538085937500 0.0000000000000000 0.0000000000000000 0.0000000000000000
0.0000000000000000 0.0000000000000000 0.0139160156250000 0.0000000000000000
0.0338134765625000 0.0000000000000000 0.0000000000000000 0.0000000000000000
0.0073242187500000 0.0574340820312500 0.0240478515625000 0.0000000000000000
0.0000000000000000 0.1621704101562500 0.0000000000000000 0.0000000000000000
0.0000000000000000 0.0000000000000000 0.0552978515625000 0.0000000000000000
0.0000000000000000 0.0000000000000000 0.0000000000000000 0.0000000000000000
0.0000000000000000 0.0000000000000000 0.0047607421875000 0.0000000000000000
0.0000000000000000 0.0000000000000000 0.0000000000000000 0.0000000000000000
0.3619995117187500 0.1156005859375000 0.0000000000000000 0.0000000000000000
0.0349121093750000 0.0056152343750000 0.0007324218750000 0.0000000000000000
0.0151367187500000 0.0469360351562500 0.0000000000000000 0.0000000000000000
0.0042114257812500 0.0000000000000000 0.0963134765625000 0.0000000000000000
0.0000000000000000 0.0000000000000000 0.1433105468750000 0.0000000000000000
0.0000000000000000 0.0000000000000000 0.0364379882812500 0.0000000000000000
0.0000000000000000 0.0000000000000000 0.0078125000000000 0.0000000000000000
0.0000000000000000 0.0000000000000000 0.0000000000000000 0.0000000000000000
0.0000000000000000 0.0000000000000000 0.0000000000000000 0.0000000000000000
0.0000000000000000 0.0000000000000000 0.0000000000000000 0.0000000000000000
0.0000000000000000 0.0000000000000000 0.0000000000000000 0.0124511718750000
0.0000000000000000 0.0000000000000000 0.0000000000000000 0.0122070312500000
0.0000000000000000 0.0000000000000000 0.0000000000000000 0.0168457031250000
0.0000000000000000 0.0000000000000000 0.0000000000000000 0.0151367187500000
0.0000000000000000 0.0000000000000000 0.0000000000000000 0.0065917968750000
0.0000000000000000 0.0000000000000000 0.0055541992187500 0.0014038085937500
0.0000000000000000 0.0000000000000000 0.0000000000000000 0.0000000000000000
0.0000000000000000 0.0947265625000000 0.0465087890625000 0.0000000000000000
0.0000000000000000 0.1708984375000000 0.1372680664062500 0.0000000000000000
0.0000000000000000 0.1564941406250000 0.0802612304687500 0.0000000000000000
0.0000000000000000 0.0000000000000000 0.1135864257812500 0.0000000000000000
0.0000000000000000 0.0000000000000000 0.0000000000000000 0.0000000000000000
0.0000000000000000 0.0000000000000000 0.0629272460937500 0.0000000000000000
0.0000000000000000 0.0000000000000000 0.0546264648437500 0.0000000000000000
0.0000000000000000 0.0855102539062500 0.0000000000000000 0.0000000000000000
0.0000000000000000 0.2620849609375000 0.0315551757812500 0.0000000000000000
0.0000000000000000 0.0201416015625000 0.0634155273437500 0.0000000000000000
0.0000000000000000 0.0000000000000000 0.0000000000000000 0.0000000000000000
0.1152954101562500 0.0000000000000000 0.0000000000000000 0.0000000000000000
0.1000976562500000 0.0000000000000000 0.0000000000000000 0.0000000000000000
0.2093505859375000 0.0319213867187500 0.0000000000000000 0.0000000000000000
0.0438232421875000 0.0000000000000000 0.0000000000000000 0.0000000000000000
0.0814819335937500 0.0244750976562500 0.0000000000000000 0.0000000000000000
0.0000000000000000 0.0000000000000000 0.1235351562500000 0.0000000000000000
0.0000000000000000 0.0000000000000000 0.1174316406250000 0.0000000000000000
0.0000000000000000 0.0000000000000000 0.0352172851562500 0.0000000000000000
0.0000000000000000 0.0000000000000000 0.0000000000000000 0.0000000000000000
0.0000000000000000 0.0000000000000000 0.0000000000000000 0.0000000000000000
0.0000000000000000 0.0000000000000000 0.0000000000000000 0.0000000000000000
0.0000000000000000 0.0000000000000000 0.0000000000000000 0.0000000000000000
0.0000000000000000 0.0000000000000000 0.0000000000000000 0.0111694335937500
0.0000000000000000 0.0000000000000000 0.0000000000000000 0.0182495117187500
0.0000000000000000 0.0000000000000000 0.0000000000000000 0.0292358398437500
0.0000000000000000 0.0000000000000000 0.0000000000000000 0.0274658203125000
0.0000000000000000 0.0000000000000000 0.0000000000000000 0.0214843750000000
0.0000000000000000 0.0000000000000000 0.0000000000000000 0.0187988281250000
0.0000000000000000 0.0000000000000000 0.0000000000000000 0.0000000000000000
0.0000000000000000 0.0000000000000000 0.0274658203125000 0.0000000000000000
0.0000000000000000 0.0500488281250000 0.0697631835937500 0.0000000000000000
0.0000000000000000 0.2474975585937500 0.0477294921875000 0.0000000000000000
0.0000000000000000 0.0547485351562500 0.1325683593750000 0.0000000000000000
0.0000000000000000 0.0000000000000000 0.0667114257812500 0.0000000000000000
0.0000000000000000 0.0000000000000000 0.0000000000000000 0.0000000000000000
0.0000000000000000 0.0000000000000000 0.0151367187500000 0.0000000000000000
0.0095214843750000 0.0000000000000000 0.0000000000000000 0.0000000000000000
0.0422363281250000 0.1538696289062500 0.0000000000000000 0.0000000000000000
0.0000000000000000 0.1572875976562500 0.0747070312500000 0.0000000000000000
0.0000000000000000 0.0000000000000000 0.0075683593750000 0.0000000000000000
0.0289306640625000 0.0000000000000000 0.0000000000000000 0.0000000000000000
0.0762939453125000 0.0000000000000000 0.0000000000000000 0.0000000000000000
0.0978393554687500 0.0385131835937500 0.0000000000000000 0.0000000000000000
0.0557861328125000 0.0034790039062500 0.0000000000000000 0.0000000000000000
0.0407714843750000 0.0207519531250000 0.0000000000000000 0.0000000000000000
0.0000000000000000 0.0000000000000000 0.1336669921875000 0.0000000000000000
0.0000000000000000 0.0000000000000000 0.0507812500000000 0.0000000000000000
0.0000000000000000 0.0000000000000000 0.0242919921875000 0.0000000000000000
0.0000000000000000 0.0000000000000000 0.0000000000000000 0.0000000000000000
0.0000000000000000 0.0000000000000000 0.0007934570312500 0.0000000000000000
0.0000000000000000 0.0000000000000000 0.0000000000000000 0.0000000000000000
0.0000000000000000 0.0000000000000000 0.0038452148437500 0.0000000000000000
0.0000000000000000 0.0000000000000000 0.0021362304687500 0.0087280273437500
0.0000000000000000 0.0000000000000000 0.0000000000000000 0.0157470703125000
0.0000000000000000 0.0000000000000000 0.0000000000000000 0.0275268554687500
0.0000000000000000 0.0000000000000000 0.0000000000000000 0.0387573242187500
0.0000000000000000 0.0000000000000000 0.0000000000000000 0.0333251953125000
0.0000000000000000 0.0000000000000000 0.0000000000000000 0.0253906250000000
0.0000000000000000 0.0000000000000000 0.0006103515625000 0.0153198242187500
0.0000000000000000 0.0000000000000000 0.0158081054687500 0.0000000000000000
0.0000000000000000 0.0000000000000000 0.0568847656250000 0.0000000000000000
0.0000000000000000 0.1486816406250000 0.1066284179687500 0.0000000000000000
0.0000000000000000 0.1583251953125000 0.1580200195312500 0.0000000000000000
0.0000000000000000 0.0573730468750000 0.0109252929687500 0.0000000000000000
0.0396728515625000 0.0000000000000000 0.0000000000000000 0.0000000000000000
0.1894531250000000 0.0000000000000000 0.0000000000000000 0.0000000000000000
0.0835571289062500 0.0000000000000000 0.0000000000000000 0.0000000000000000
0.2203369140625000 0.0494995117187500 0.0000000000000000 0.0000000000000000
0.1036376953125000 0.1624145507812500 0.0000000000000000 0.0000000000000000
0.0427246093750000 0.0250854492187500 0.0082397460937500 0.0000000000000000
0.1640014648437500 0.0000000000000000 0.0000000000000000 0.0000000000000000
0.1422119140625000 0.0000000000000000 0.0000000000000000 0.0000000000000000
0.0256347656250000 0.0404052734375000 0.0000000000000000 0.0000000000000000
0.0234375000000000 0.0228881835937500 0.0211181640625000 0.0000000000000000
0.0003051757812500 0.0000000000000000 0.0247802734375000 0.0000000000000000
0.0000000000000000 0.0000000000000000 0.1098632812500000 0.0000000000000000
0.0000000000000000 0.0000000000000000 0.0000000000000000 0.0000000000000000
0.0325317382812500 0.0000000000000000 0.0000000000000000 0.0000000000000000
0.1734008789062500 0.0000000000000000 0.0000000000000000 0.0000000000000000
0.3287353515625000 0.0000000000000000 0.0000000000000000 0.0000000000000000
0.3330688476562500 0.0000000000000000 0.0000000000000000 0.0122680664062500
0.2700805664062500 0.0000000000000000 0.0000000000000000 0.0411987304687500
0.1263427734375000 0.0000000000000000 0.0000000000000000 0.0460205078125000
0.0252685546875000 0.0000000000000000 0.0000000000000000 0.0324707031250000
0.0000000000000000 0.0000000000000000 0.0000000000000000 0.0356445312500000
0.0000000000000000 0.0000000000000000 0.0000000000000000 0.0527343750000000
0.0000000000000000 0.0000000000000000 0.0000000000000000 0.0480346679687500
0.0000000000000000 0.0000000000000000 0.0000000000000000 0.0422973632812500
0.0000000000000000 0.0000000000000000 0.0000000000000000 0.0360717773437500
0.0000000000000000 0.0000000000000000 0.0000000000000000 0.0241088867187500
0.0000000000000000 0.0000000000000000 0.0000000000000000 0.0000000000000000
0.0177612304687500 0.0000000000000000 0.0000000000000000 0.0000000000000000
0.1116333007812500 0.0961303710937500 0.0000000000000000 0.0000000000000000
0.2591552734375000 0.1077270507812500 0.0000000000000000 0.0000000000000000
0.2055053710937500 0.0000000000000000 0.0000000000000000 0.0000000000000000
0.2182617187500000 0.0000000000000000 0.0000000000000000 0.0000000000000000
0.1802978515625000 0.0000000000000000 0.0000000000000000 0.0000000000000000
0.1321411132812500 0.0000000000000000 0.0000000000000000 0.0000000000000000
0.2469482421875000 0.1595458984375000 0.0000000000000000 0.0000000000000000
0.0259399414062500 0.1342773437500000 0.0000000000000000 0.0000000000000000
0.1076049804687500 0.0771484375000000 0.0000000000000000 0.0000000000000000
0.1793212890625000 0.0000000000000000 0.0000000000000000 0.0000000000000000
0.1029052734375000 0.0225830078125000 0.0000000000000000 0.0000000000000000
0.0531005859375000 0.0000000000000000 0.0334472656250000 0.0000000000000000
0.0000000000000000 0.0000000000000000 0.0000000000000000 0.0000000000000000
0.0000000000000000 0.0000000000000000 0.0498046875000000 0.0000000000000000
0.0319824218750000 0.0000000000000000 0.0000000000000000 0.0000000000000000
0.1463012695312500 0.0000000000000000 0.0000000000000000 0.0000000000000000
0.0891113281250000 0.0000000000000000 0.0000000000000000 0.0000000000000000
0.0220947265625000 0.0000000000000000 0.0000000000000000 0.0000000000000000
0.1357421875000000 0.0000000000000000 0.0000000000000000 0.0000000000000000
0.3748168945312500 0.0000000000000000 0.0000000000000000 0.0000000000000000
0.5869750976562500 0.0000000000000000 0.0000000000000000 0.0737915039062500
0.5357055664062500 0.0000000000000000 0.0000000000000000 0.0863037109375000
0.3076171875000000 0.0000000000000000 0.0000000000000000 0.0820922851562500
0.0733032226562500 0.0000000000000000 0.0000000000000000 0.0552978515625000
0.0623779296875000 0.0000000000000000 0.0000000000000000 0.0612182617187500
0.0478515625000000 0.0000000000000000 0.0000000000000000 0.0523681640625000
0.0382080078125000 0.0000000000000000 0.0000000000000000 0.0471191406250000
0.0682983398437500 0.0000000000000000 0.0000000000000000 0.0299682617187500
0.2086791992187500 0.0000000000000000 0.0000000000000000 0.0010986328125000
0.4321899414062500 0.0000000000000000 0.0000000000000000 0.0000000000000000
0.6028442382812500 0.0000000000000000 0.0000000000000000 0.0000000000000000
0.4555053710937500 0.0386352539062500 0.0000000000000000 0.0000000000000000
0.1270751953125000 0.0000000000000000 0.0154418945312500 0.0000000000000000
0.0000000000000000 0.0609130859375000 0.0000000000000000 0.0000000000000000
0.0989379882812500 0.0000000000000000 0.0000000000000000 0.0000000000000000
0.0000000000000000 0.0000000000000000 0.0000000000000000 0.0000000000000000
0.0548706054687500 0.0905761718750000 0.0000000000000000 0.0000000000000000
0.1276245117187500 0.2800903320312500 0.0000000000000000 0.0000000000000000
0.0197753906250000 0.1267089843750000 0.0274658203125000 0.0000000000000000
0.1338500976562500 0.0000000000000000 0.0000000000000000 0.0000000000000000
0.0922241210937500 0.0336303710937500 0.0000000000000000 0.0000000000000000
0.0480957031250000 0.0000000000000000 0.0505981445312500 0.0000000000000000
0.0108032226562500 0.0000000000000000 0.0000000000000000 0.0000000000000000
0.0197753906250000 0.0000000000000000 0.0208740234375000 0.0000000000000000
0.0000000000000000 0.0000000000000000 0.0000000000000000 0.0000000000000000
0.0000000000000000 0.0000000000000000 0.0734252929687500 0.0000000000000000
0.0000000000000000 0.0000000000000000 0.0418701171875000 0.0000000000000000
0.0000000000000000 0.0000000000000000 0.0000000000000000 0.0000000000000000
0.0787353515625000 0.0000000000000000 0.0000000000000000 0.0000000000000000
0.0512084960937500 0.0000000000000000 0.0000000000000000 0.0000000000000000
0.0124511718750000 0.0000000000000000 0.0000000000000000 0.0000000000000000
0.1132812500000000 0.0000000000000000 0.0000000000000000 0.0000000000000000
0.2286376953125000 0.0000000000000000 0.0000000000000000 0.1049804687500000
0.2239990234375000 0.0000000000000000 0.0000000000000000 0.0672607421875000
0.0797729492187500 0.0000000000000000 0.0000000000000000 0.0565795898437500
0.0278320312500000 0.0000000000000000 0.0000000000000000 0.0510864257812500
0.0260620117187500 0.0000000000000000 0.0000000000000000 0.0334472656250000
0.1109008789062500 0.0000000000000000 0.0000000000000000 0.0000000000000000
0.1917114257812500 0.0000000000000000 0.0000000000000000 0.0000000000000000
0.1817016601562500 0.1447753906250000 0.0000000000000000 0.0000000000000000
0.0880737304687500 0.2218627929687500 0.0000000000000000 0.0000000000000000
0.0000000000000000 0.0273437500000000 0.1157226562500000 0.0000000000000000
0.0000000000000000 0.0000000000000000 0.0000000000000000 0.0000000000000000
0.0013427734375000 0.0000000000000000 0.0000000000000000 0.0000000000000000
0.0839843750000000 0.0000000000000000 0.0000000000000000 0.0000000000000000
0.0784912109375000 0.0000000000000000 0.0000000000000000 0.0000000000000000
0.0109252929687500 0.0000000000000000 0.0000000000000000 0.0000000000000000
0.2617187500000000 0.3102416992187500 0.0000000000000000 0.0000000000000000
0.1536254882812500 0.1445312500000000 0.0083007812500000 0.0000000000000000
0.0468750000000000 0.0000000000000000 0.0000000000000000 0.0000000000000000
0.0894775390625000 0.0256958007812500 0.0000000000000000 0.0000000000000000
0.0362548828125000 0.0000000000000000 0.0488281250000000 0.0000000000000000
0.0000000000000000 0.0000000000000000 0.0000000000000000 0.0000000000000000
0.0128173828125000 0.0000000000000000 0.0541992187500000 0.0000000000000000
0.0000000000000000 0.0000000000000000 0.0806884765625000 0.0000000000000000
0.0000000000000000 0.0000000000000000 0.0000000000000000 0.0000000000000000
0.1591186523437500 0.0000000000000000 0.0000000000000000 0.0000000000000000
0.5529174804687500 0.0000000000000000 0.0000000000000000 0.0000000000000000
0.5765380859375000 0.0000000000000000 0.0000000000000000 0.0000000000000000
0.3795166015625000 0.0000000000000000 0.0000000000000000 0.0000000000000000
0.0738525390625000 0.0000000000000000 0.1095581054687500 0.0000000000000000
0.0000000000000000 0.0000000000000000 0.0546875000000000 0.0000000000000000
0.0000000000000000 0.0000000000000000 0.0000000000000000 0.0000000000000000
0.1336059570312500 0.0000000000000000 0.0000000000000000 0.0533447265625000
0.1174926757812500 0.0000000000000000 0.0000000000000000 0.0818481445312500
0.0000000000000000 0.0000000000000000 0.0000000000000000 0.0667724609375000
0.0000000000000000 0.0000000000000000 0.0000000000000000 0.0031738281250000
0.0305175781250000 0.0000000000000000 0.0000000000000000 0.0000000000000000
0.0874023437500000 0.0774536132812500 0.0000000000000000 0.0000000000000000
0.1428222656250000 0.1108398437500000 0.0000000000000000 0.0000000000000000
0.2601928710937500 0.0000000000000000 0.0000000000000000 0.0000000000000000
0.3085327148437500 0.0000000000000000 0.0000000000000000 0.0000000000000000
0.3630981445312500 0.0000000000000000 0.0000000000000000 0.0000000000000000
0.4652099609375000 0.0000000000000000 0.0000000000000000 0.0000000000000000
0.2400512695312500 0.0000000000000000 0.0000000000000000 0.0000000000000000
0.0632934570312500 0.0000000000000000 0.0000000000000000 0.0000000000000000
0.0809936523437500 0.0000000000000000 0.0000000000000000 0.0000000000000000
0.0466308593750000 0.2517089843750000 0.0000000000000000 0.0000000000000000
0.1446533203125000 0.2472534179687500 0.0219116210937500 0.0000000000000000
0.0000000000000000 0.0504760742187500 0.0638427734375000 0.0000000000000000
0.0658569335937500 0.0244750976562500 0.0000000000000000 0.0000000000000000
0.0395507812500000 0.0000000000000000 0.0866699218750000 0.0000000000000000
0.0000000000000000 0.0000000000000000 0.0000000000000000 0.0000000000000000
0.0000000000000000 0.0000000000000000 0.1145629882812500 0.0000000000000000
0.0000000000000000 0.0000000000000000 0.0466308593750000 0.0000000000000000
0.0156860351562500 0.0538330078125000 0.0000000000000000 0.0000000000000000
0.2092285156250000 0.0000000000000000 0.0000000000000000 0.0000000000000000
0.2706298828125000 0.0568237304687500 0.0000000000000000 0.0000000000000000
0.2259521484375000 0.0402832031250000 0.0000000000000000 0.0000000000000000
0.1681518554687500 0.0000000000000000 0.0000000000000000 0.0000000000000000
0.0000000000000000 0.0000000000000000 0.0041503906250000 0.0000000000000000
0.0000000000000000 0.0000000000000000 0.0569458007812500 0.0000000000000000
0.0000000000000000 0.0000000000000000 0.0000000000000000 0.0000000000000000
0.0000000000000000 0.0000000000000000 0.0000000000000000 0.0000000000000000
0.0616455078125000 0.0000000000000000 0.0000000000000000 0.1052246093750000
0.0132446289062500 0.0000000000000000 0.0000000000000000 0.1007080078125000
0.0021362304687500 0.0000000000000000 0.0000000000000000 0.0007324218750000
0.0000000000000000 0.0000000000000000 0.0000000000000000 0.0000000000000000
0.0421752929687500 0.0928344726562500 0.0000000000000000 0.0000000000000000
0.0520019531250000 0.1315917968750000 0.0000000000000000 0.0000000000000000
0.1130981445312500 0.3664550781250000 0.0000000000000000 0.0000000000000000
0.2262573242187500 0.1558227539062500 0.0000000000000000 0.0000000000000000
0.2188110351562500 0.0000000000000000 0.0000000000000000 0.0000000000000000
0.0000000000000000 0.0000000000000000 0.0546264648437500 0.0000000000000000
0.0000000000000000 0.0791015625000000 0.1435546875000000 0.0000000000000000
0.0000000000000000 0.0000000000000000 0.1401367187500000 0.0000000000000000
0.0000000000000000 0.0619506835937500 0.0000000000000000 0.0000000000000000
0.0000000000000000 0.1040039062500000 0.0000000000000000 0.0000000000000000
0.0762939453125000 0.1646728515625000 0.0000000000000000 0.0000000000000000
0.0000000000000000 0.1054077148437500 0.0850830078125000 0.0000000000000000
0.0678710937500000 0.0126342773437500 0.0000000000000000 0.0000000000000000
0.0136718750000000 0.0000000000000000 0.0630493164062500 0.0000000000000000
0.0011596679687500 0.0000000000000000 0.0000000000000000 0.0000000000000000
0.0000000000000000 0.0000000000000000 0.1281127929687500 0.0000000000000000
0.0000000000000000 0.0000000000000000 0.0848999023437500 0.0000000000000000
0.0000000000000000 0.2857666015625000 0.0000000000000000 0.0000000000000000
0.0000000000000000 0.0892333984375000 0.2335815429687500 0.0000000000000000
0.0000000000000000 0.2044067382812500 0.0411376953125000 0.0000000000000000
0.0000000000000000 0.1037597656250000 0.1635131835937500 0.0000000000000000
0.0000000000000000 0.0000000000000000 0.4626464843750000 0.0000000000000000
0.0000000000000000 0.0000000000000000 0.2140502929687500 0.0802001953125000
0.0000000000000000 0.0000000000000000 0.0588989257812500 0.0000000000000000
0.0000000000000000 0.1016845703125000 0.0000000000000000 0.0000000000000000
0.0213623046875000 0.0000000000000000 0.0650634765625000 0.0000000000000000
0.0000000000000000 0.0000000000000000 0.0186767578125000 0.0924072265625000
0.0000000000000000 0.0000000000000000 0.0000000000000000 0.1254882812500000
0.0000000000000000 0.0000000000000000 0.0000000000000000 0.0190429687500000
0.0000000000000000 0.0000000000000000 0.0000000000000000 0.0000000000000000
0.0000000000000000 0.1123657226562500 0.0000000000000000 0.0000000000000000
0.0000000000000000 0.1276245117187500 0.1524658203125000 0.0000000000000000
0.0000000000000000 0.5150146484375000 0.0000000000000000 0.0000000000000000
0.0000000000000000 0.1626586914062500 0.2140502929687500 0.0000000000000000
0.0000000000000000 0.0000000000000000 0.4125366210937500 0.0000000000000000
0.0000000000000000 0.0000000000000000 0.2246093750000000 0.0000000000000000
0.0000000000000000 0.0136718750000000 0.3442993164062500 0.0000000000000000
0.0000000000000000 0.0000000000000000 0.2690429687500000 0.0000000000000000
0.0000000000000000 0.1517333984375000 0.0960083007812500 0.0000000000000000
0.0000000000000000 0.2027587890625000 0.0252075195312500 0.0000000000000000
0.0000000000000000 0.1668701171875000 0.0089111328125000 0.0000000000000000
0.0806274414062500 0.0635986328125000 0.0001831054687500 0.0000000000000000
0.0602416992187500 0.0035400390625000 0.0000000000000000 0.0000000000000000
0.0161743164062500 0.0000000000000000 0.0062866210937500 0.0000000000000000
0.0000000000000000 0.0000000000000000 0.0000000000000000 0.0000000000000000
0.0418701171875000 0.0000000000000000 0.0877075195312500 0.0000000000000000
0.0000000000000000 0.0000000000000000 0.0831298828125000 0.0000000000000000
0.0000000000000000 0.1437988281250000 0.1043701171875000 0.0000000000000000
0.0000000000000000 0.0806274414062500 0.2993164062500000 0.0000000000000000
0.0000000000000000 0.2157592773437500 0.2180175781250000 0.0000000000000000
0.0000000000000000 0.1555175781250000 0.4001464843750000 0.0000000000000000
0.0000000000000000 0.0000000000000000 0.5183715820312500 0.0000000000000000
0.0000000000000000 0.0000000000000000 0.1265258789062500 0.0497436523437500
0.0000000000000000 0.0000000000000000 0.0000000000000000 0.0000000000000000
0.0315551757812500 0.1182861328125000 0.0000000000000000 0.0000000000000000
0.0776977539062500 0.0000000000000000 0.1054077148437500 0.0000000000000000
0.0000000000000000 0.0000000000000000 0.0867919921875000 0.0803222656250000
0.0000000000000000 0.0000000000000000 0.0000000000000000 0.1211547851562500
0.0000000000000000 0.0000000000000000 0.0000000000000000 0.0383300781250000
0.0000000000000000 0.0000000000000000 0.0000000000000000 0.0000000000000000
0.0000000000000000 0.0000000000000000 0.0000000000000000 0.0000000000000000
0.0000000000000000 0.0000000000000000 0.0626831054687500 0.0000000000000000
0.0000000000000000 0.4661865234375000 0.0383300781250000 0.0000000000000000
0.0000000000000000 0.3117675781250000 0.4709472656250000 0.0000000000000000
0.0000000000000000 0.0000000000000000 0.5856933593750000 0.0000000000000000
0.0000000000000000 0.0000000000000000 0.1887207031250000 0.0017089843750000
0.0000000000000000 0.0000000000000000 0.2709350585937500 0.0000000000000000
0.0000000000000000 0.0000000000000000 0.2019653320312500 0.0000000000000000
0.0000000000000000 0.1270141601562500 0.1540527343750000 0.0000000000000000
0.0000000000000000 0.3445434570312500 0.0097656250000000 0.0000000000000000
0.0000000000000000 0.2145385742187500 0.0010375976562500 0.0000000000000000
0.1188964843750000 0.0000000000000000 0.0000000000000000 0.0000000000000000
0.0418701171875000 0.0000000000000000 0.0000000000000000 0.0000000000000000
0.0634765625000000 0.0000000000000000 0.0000000000000000 0.0000000000000000
0.0234985351562500 0.0000000000000000 0.0035400390625000 0.0000000000000000
0.0000000000000000 0.0000000000000000 0.0711669921875000 0.0000000000000000
0.0000000000000000 0.0000000000000000 0.0253906250000000 0.0000000000000000
0.0000000000000000 0.0000000000000000 0.0699462890625000 0.0000000000000000
0.0000000000000000 0.0060424804687500 0.1946411132812500 0.0000000000000000
0.0000000000000000 0.0658569335937500 0.3364257812500000 0.0000000000000000
0.0000000000000000 0.0000000000000000 0.4118041992187500 0.0000000000000000
0.0000000000000000 0.0000000000000000 0.2848510742187500 0.0000000000000000
0.0000000000000000 0.0000000000000000 0.0222778320312500 0.0183105468750000
0.0436401367187500 0.0000000000000000 0.0000000000000000 0.0000000000000000
0.1482543945312500 0.1039428710937500 0.0000000000000000 0.0000000000000000
0.0731201171875000 0.0000000000000000 0.1449584960937500 0.0000000000000000
0.0000000000000000 0.0000000000000000 0.0886840820312500 0.0941772460937500
0.0000000000000000 0.0000000000000000 0.0000000000000000 0.0999755859375000
0.0000000000000000 0.0000000000000000 0.0000000000000000 0.0425415039062500
0.0000000000000000 0.0000000000000000 0.0000000000000000 0.0142211914062500
0.0000000000000000 0.0000000000000000 0.0000000000000000 0.0000000000000000
0.0000000000000000 0.0000000000000000 0.0657958984375000 0.0000000000000000
0.0000000000000000 0.1176757812500000 0.1867675781250000 0.0000000000000000
0.0000000000000000 0.0288696289062500 0.4000854492187500 0.0000000000000000
0.0000000000000000 0.0000000000000000 0.3942871093750000 0.0000000000000000
0.0000000000000000 0.0000000000000000 0.1332397460937500 0.0243530273437500
0.0000000000000000 0.0000000000000000 0.0752563476562500 0.0000000000000000
0.0000000000000000 0.0000000000000000 0.0578613281250000 0.0000000000000000
0.0000000000000000 0.0000000000000000 0.0584106445312500 0.0000000000000000
0.0059814453125000 0.4382934570312500 0.0000000000000000 0.0000000000000000
0.2097167968750000 0.3499145507812500 0.0000000000000000 0.0000000000000000
0.2274169921875000 0.0000000000000000 0.0000000000000000 0.0000000000000000
0.0455932617187500 0.0000000000000000 0.0000000000000000 0.0000000000000000
0.0577392578125000 0.0000000000000000 0.0000000000000000 0.0000000000000000
0.0685424804687500 0.0000000000000000 0.0178833007812500 0.0000000000000000
0.0000000000000000 0.0000000000000000 0.0703125000000000 0.0000000000000000
0.0000000000000000 0.0000000000000000 0.0000000000000000 0.0299072265625000
0.0000000000000000 0.0000000000000000 0.0000000000000000 0.0162353515625000
0.0000000000000000 0.0000000000000000 0.0000000000000000 0.0000000000000000
0.0000000000000000 0.0000000000000000 0.0734252929687500 0.0000000000000000
0.0000000000000000 0.0000000000000000 0.0761108398437500 0.0000000000000000
0.0000000000000000 0.0000000000000000 0.0131225585937500 0.0000000000000000
0.0000000000000000 0.0000000000000000 0.0000000000000000 0.0000000000000000
0.1123046875000000 0.0314941406250000 0.0000000000000000 0.0000000000000000
0.1807250976562500 0.0505981445312500 0.0000000000000000 0.0000000000000000
0.0701293945312500 0.0000000000000000 0.1239624023437500 0.0000000000000000
0.0000000000000000 0.0000000000000000 0.0148925781250000 0.1134033203125000
0.0000000000000000 0.0000000000000000 0.0000000000000000 0.0926513671875000
0.0000000000000000 0.0000000000000000 0.0000000000000000 0.0493774414062500
0.0000000000000000 0.0000000000000000 0.0000000000000000 0.0211181640625000
0.0000000000000000 0.0000000000000000 0.0000000000000000 0.0290527343750000
0.0000000000000000 0.0000000000000000 0.0000000000000000 0.0249633789062500
0.0000000000000000 0.0000000000000000 0.0153808593750000 0.0000000000000000
0.0000000000000000 0.0000000000000000 0.0480346679687500 0.0008544921875000
0.0000000000000000 0.0000000000000000 0.0166015625000000 0.0177612304687500
0.0000000000000000 0.0000000000000000 0.0100708007812500 0.0243530273437500
0.0000000000000000 0.0000000000000000 0.0000000000000000 0.0266723632812500
0.0000000000000000 0.0000000000000000 0.0000000000000000 0.0000000000000000
0.0000000000000000 0.0000000000000000 0.0000000000000000 0.0000000000000000
0.1740112304687500 0.5727539062500000 0.0000000000000000 0.0000000000000000
0.3086547851562500 0.3717651367187500 0.0110473632812500 0.0000000000000000
0.1708984375000000 0.0003662109375000 0.0000000000000000 0.0000000000000000
0.0396118164062500 0.0000000000000000 0.0158691406250000 0.0000000000000000
0.0285034179687500 0.0396728515625000 0.0000000000000000 0.0000000000000000
0.0324707031250000 0.0000000000000000 0.0273437500000000 0.0000000000000000
0.0000000000000000 0.0000000000000000 0.0682373046875000 0.0000000000000000
0.0000000000000000 0.0000000000000000 0.0000000000000000 0.0266723632812500
0.0184936523437500 0.0000000000000000 0.0000000000000000 0.0190429687500000
0.0351562500000000 0.0000000000000000 0.0000000000000000 0.0310668945312500
0.0396118164062500 0.0000000000000000 0.0000000000000000 0.0151977539062500
0.0083618164062500 0.0000000000000000 0.0000000000000000 0.0064086914062500
0.0000000000000000 0.0000000000000000 0.0000000000000000 0.0000000000000000
0.0000000000000000 0.0000000000000000 0.0000000000000000 0.0000000000000000
0.0794067382812500 0.1400146484375000 0.0000000000000000 0.0000000000000000
0.1821289062500000 0.0145263671875000 0.0000000000000000 0.0000000000000000
0.0513916015625000 0.0000000000000000 0.1074829101562500 0.0000000000000000
0.0000000000000000 0.0000000000000000 0.0000000000000000 0.1248779296875000
0.0000000000000000 0.0000000000000000 0.0000000000000000 0.0906372070312500
0.0000000000000000 0.0000000000000000 0.0000000000000000 0.0531616210937500
0.0008544921875000 0.0000000000000000 0.0000000000000000 0.0190429687500000
0.0000000000000000 0.0000000000000000 0.0000000000000000 0.0455932617187500
0.0000000000000000 0.0000000000000000 0.0000000000000000 0.0494384765625000
0.0004272460937500 0.0000000000000000 0.0000000000000000 0.0292358398437500
0.0000000000000000 0.0000000000000000 0.0025024414062500 0.0191650390625000
0.0000000000000000 0.0000000000000000 0.0145874023437500 0.0244750976562500
0.0000000000000000 0.0000000000000000 0.0100097656250000 0.0317993164062500
0.0000000000000000 0.0000000000000000 0.0000000000000000 0.0255126953125000
0.0000000000000000 0.0000000000000000 0.0000000000000000 0.0029907226562500
0.0111694335937500 0.0000000000000000 0.0000000000000000 0.0000000000000000
0.2250976562500000 0.7034912109375000 0.0000000000000000 0.0000000000000000
0.3013916015625000 0.2703857421875000 0.1784667968750000 0.0000000000000000
0.0156860351562500 0.0406494140625000 0.0000000000000000 0.0000000000000000
0.0395507812500000 0.0000000000000000 0.0123901367187500 0.0000000000000000
0.0463867187500000 0.0587158203125000 0.0000000000000000 0.0000000000000000
0.0765380859375000 0.0000000000000000 0.0174560546875000 0.0000000000000000
0.0000000000000000 0.0000000000000000 0.0708618164062500 0.0000000000000000
0.0000000000000000 0.0000000000000000 0.0000000000000000 0.0100097656250000
0.0352783203125000 0.0000000000000000 0.0000000000000000 0.0000000000000000
0.0057983398437500 0.0000000000000000 0.0000000000000000 0.0213623046875000
0.0046386718750000 0.0000000000000000 0.0000000000000000 0.0242919921875000
0.0000000000000000 0.0000000000000000 0.0000000000000000 0.0155029296875000
0.0000000000000000 0.0000000000000000 0.0000000000000000 0.0043334960937500
0.0212402343750000 0.0000000000000000 0.0000000000000000 0.0000000000000000
0.1458129882812500 0.1932373046875000 0.0000000000000000 0.0000000000000000
0.1843872070312500 0.0000000000000000 0.0000000000000000 0.0000000000000000
0.0000000000000000 0.0000000000000000 0.1450805664062500 0.0102539062500000
0.0000000000000000 0.0000000000000000 0.0000000000000000 0.1276245117187500
0.0000000000000000 0.0000000000000000 0.0029907226562500 0.0877075195312500
0.0000000000000000 0.0000000000000000 0.0000000000000000 0.0537719726562500
0.0000000000000000 0.0000000000000000 0.0000000000000000 0.0148315429687500
0.0106201171875000 0.0000000000000000 0.0000000000000000 0.0333251953125000
0.0471191406250000 0.0000000000000000 0.0000000000000000 0.0445556640625000
0.0734252929687500 0.0000000000000000 0.0000000000000000 0.0486450195312500
0.0494384765625000 0.0000000000000000 0.0000000000000000 0.0596313476562500
0.0000000000000000 0.0000000000000000 0.0000000000000000 0.0468139648437500
0.0000000000000000 0.0000000000000000 0.0000000000000000 0.0393066406250000
0.0000000000000000 0.0000000000000000 0.0000000000000000 0.0256958007812500
0.0135498046875000 0.0000000000000000 0.0000000000000000 0.0048217773437500
0.0339355468750000 0.0000000000000000 0.0000000000000000 0.0000000000000000
0.2052001953125000 0.7485351562500000 0.0000000000000000 0.0000000000000000
0.2707519531250000 0.1556396484375000 0.2202758789062500 0.0000000000000000
0.0081176757812500 0.0501708984375000 0.0000000000000000 0.0000000000000000
0.0206909179687500 0.0000000000000000 0.0156860351562500 0.0000000000000000
0.0504150390625000 0.0633544921875000 0.0000000000000000 0.0000000000000000
0.0982666015625000 0.0000000000000000 0.0000000000000000 0.0000000000000000
0.0057983398437500 0.0000000000000000 0.0691528320312500 0.0000000000000000
0.0000000000000000 0.0000000000000000 0.0000000000000000 0.0000000000000000
0.0557861328125000 0.0000000000000000 0.0000000000000000 0.0000000000000000
0.0208740234375000 0.0000000000000000 0.0000000000000000 0.0236206054687500
0.0100708007812500 0.0000000000000000 0.0000000000000000 0.0276489257812500
0.0140380859375000 0.0000000000000000 0.0000000000000000 0.0262451171875000
0.0361328125000000 0.0000000000000000 0.0000000000000000 0.0108642578125000
0.1247558593750000 0.0000000000000000 0.0000000000000000 0.0000000000000000
0.2238159179687500 0.1947631835937500 0.0000000000000000 0.0000000000000000
0.2400512695312500 0.0000000000000000 0.0000000000000000 0.0000000000000000
0.0000000000000000 0.0000000000000000 0.1129760742187500 0.0243530273437500
0.0000000000000000 0.0000000000000000 0.0000000000000000 0.1466064453125000
0.0000000000000000 0.0000000000000000 0.0000000000000000 0.1020507812500000
0.0000000000000000 0.0000000000000000 0.0000000000000000 0.0574951171875000
0.0446166992187500 0.0000000000000000 0.0000000000000000 0.0107421875000000
0.0331420898437500 0.0000000000000000 0.0000000000000000 0.0153808593750000
0.0633544921875000 0.0000000000000000 0.0000000000000000 0.0125122070312500
0.1006469726562500 0.0000000000000000 0.0000000000000000 0.0272827148437500
0.1269531250000000 0.0000000000000000 0.0000000000000000 0.0771484375000000
0.1083984375000000 0.0000000000000000 0.0000000000000000 0.0778198242187500
0.0575561523437500 0.0000000000000000 0.0000000000000000 0.0454711914062500
0.0613403320312500 0.0000000000000000 0.0000000000000000 0.0270385742187500
0.0656127929687500 0.0000000000000000 0.0000000000000000 0.0034179687500000
0.0664672851562500 0.0000000000000000 0.0000000000000000 0.0000000000000000
0.2177734375000000 0.7366333007812500 0.0000000000000000 0.0000000000000000
0.3385620117187500 0.1296997070312500 0.1540527343750000 0.0000000000000000
0.0683593750000000 0.0144042968750000 0.0000000000000000 0.0000000000000000
0.0546264648437500 0.0000000000000000 0.0000000000000000 0.0000000000000000
0.0619506835937500 0.0507202148437500 0.0000000000000000 0.0000000000000000
0.0998535156250000 0.0000000000000000 0.0172729492187500 0.0000000000000000
0.0000000000000000 0.0000000000000000 0.0964355468750000 0.0000000000000000
0.0000000000000000 0.0000000000000000 0.0000000000000000 0.0000000000000000
0.0217895507812500 0.0000000000000000 0.0000000000000000 0.0000000000000000
0.0442504882812500 0.0000000000000000 0.0000000000000000 0.0229492187500000
0.0396728515625000 0.0000000000000000 0.0000000000000000 0.0256347656250000
0.0539550781250000 0.0000000000000000 0.0000000000000000 0.0169677734375000
0.0715332031250000 0.0000000000000000 0.0000000000000000 0.0000000000000000
0.1335449218750000 0.0000000000000000 0.0000000000000000 0.0000000000000000
0.1368408203125000 0.1594238281250000 0.0000000000000000 0.0000000000000000
0.0803222656250000 0.0452270507812500 0.0000000000000000 0.0000000000000000
0.0158691406250000 0.0000000000000000 0.0000000000000000 0.0000000000000000
0.1065063476562500 0.0000000000000000 0.0000000000000000 0.1472167968750000
0.2207641601562500 0.0000000000000000 0.0000000000000000 0.1323852539062500
0.1165771484375000 0.0000000000000000 0.0000000000000000 0.0584106445312500
0.1195678710937500 0.0000000000000000 0.0000000000000000 0.0178833007812500
0.0159301757812500 0.0000000000000000 0.0000000000000000 0.0097045898437500
0.0000000000000000 0.0000000000000000 0.0000000000000000 0.0000000000000000
0.0056152343750000 0.0000000000000000 0.0000000000000000 0.0000000000000000
0.0391845703125000 0.0000000000000000 0.0000000000000000 0.0337524414062500
0.1236572265625000 0.0000000000000000 0.0000000000000000 0.0805053710937500
0.1342163085937500 0.0000000000000000 0.0000000000000000 0.0437011718750000
0.1047973632812500 0.0000000000000000 0.0000000000000000 0.0156250000000000
0.0876464843750000 0.0000000000000000 0.0000000000000000 0.0038452148437500
0.0498046875000000 0.0000000000000000 0.0000000000000000 0.0000000000000000
0.1881103515625000 0.7640991210937500 0.0000000000000000 0.0000000000000000
0.2871093750000000 0.2404174804687500 0.1685180664062500 0.0000000000000000
0.0375366210937500 0.0078125000000000 0.0000000000000000 0.0000000000000000
0.0549926757812500 0.0000000000000000 0.0000000000000000 0.0000000000000000
0.0662841796875000 0.0428466796875000 0.0000000000000000 0.0000000000000000
0.0808715820312500 0.0000000000000000 0.0144653320312500 0.0000000000000000
0.0000000000000000 0.0000000000000000 0.0911254882812500 0.0000000000000000
0.0000000000000000 0.0000000000000000 0.0000000000000000 0.0000000000000000
0.0000000000000000 0.0000000000000000 0.0000000000000000 0.0000000000000000
0.0274047851562500 0.0000000000000000 0.0000000000000000 0.0042114257812500
0.0526123046875000 0.0000000000000000 0.0000000000000000 0.0186767578125000
0.0581054687500000 0.0000000000000000 0.0000000000000000 0.0033569335937500
0.0892333984375000 0.0000000000000000 0.0000000000000000 0.0000000000000000
0.1198730468750000 0.0000000000000000 0.0000000000000000 0.0000000000000000
0.0599365234375000 0.0395507812500000 0.0099487304687500 0.0000000000000000
0.0000000000000000 0.0926513671875000 0.0928344726562500 0.0000000000000000
0.0000000000000000 0.0000000000000000 0.1142578125000000 0.0000000000000000
0.0000000000000000 0.0000000000000000 0.0639648437500000 0.0182495117187500
0.0152587890625000 0.0000000000000000 0.0000000000000000 0.1189575195312500
0.0668334960937500 0.0000000000000000 0.0000000000000000 0.0407104492187500
0.0153808593750000 0.0000000000000000 0.0000000000000000 0.0264892578125000
0.0000000000000000 0.0000000000000000 0.0000000000000000 0.0339965820312500
0.0000000000000000 0.0000000000000000 0.0000000000000000 0.0000000000000000
0.0000000000000000 0.0000000000000000 0.0000000000000000 0.0000000000000000
0.0000000000000000 0.0000000000000000 0.0000000000000000 0.0000000000000000
0.0401611328125000 0.0000000000000000 0.0000000000000000 0.0383911132812500
0.1529541015625000 0.0000000000000000 0.0000000000000000 0.0361328125000000
0.1211547851562500 0.0000000000000000 0.0000000000000000 0.0105590820312500
0.0700683593750000 0.0000000000000000 0.0000000000000000 0.0022583007812500
0.0823364257812500 0.0000000000000000 0.0000000000000000 0.0000000000000000
0.3049316406250000 0.7120971679687500 0.0000000000000000 0.0000000000000000
0.4334716796875000 0.1328125000000000 0.1337280273437500 0.0000000000000000
0.0026855468750000 0.0000000000000000 0.0000000000000000 0.0000000000000000
0.0655517578125000 0.0012207031250000 0.0000000000000000 0.0000000000000000
0.0560913085937500 0.0128173828125000 0.0000000000000000 0.0000000000000000
0.0447387695312500 0.0000000000000000 0.0000000000000000 0.0000000000000000
0.0125122070312500 0.0000000000000000 0.0304565429687500 0.0000000000000000
0.0170898437500000 0.0000000000000000 0.0000000000000000 0.0000000000000000
0.0143432617187500 0.0000000000000000 0.0000000000000000 0.0000000000000000
0.0000000000000000 0.0000000000000000 0.0221557617187500 0.0000000000000000
0.0000000000000000 0.0000000000000000 0.0000000000000000 0.0077514648437500
0.0796508789062500 0.0000000000000000 0.0000000000000000 0.0000000000000000
0.2017822265625000 0.0000000000000000 0.0000000000000000 0.0000000000000000
0.2113037109375000 0.0000000000000000 0.0000000000000000 0.0000000000000000
0.1076660156250000 0.0000000000000000 0.0000000000000000 0.0000000000000000
0.0000000000000000 0.0000000000000000 0.0736694335937500 0.0000000000000000
0.0000000000000000 0.0000000000000000 0.2760009765625000 0.0000000000000000
0.0000000000000000 0.0000000000000000 0.2952880859375000 0.0000000000000000
0.0000000000000000 0.0000000000000000 0.1419677734375000 0.0407714843750000
0.0000000000000000 0.0000000000000000 0.0396118164062500 0.0451049804687500
0.0000000000000000 0.0000000000000000 0.0150146484375000 0.0362548828125000
0.0000000000000000 0.0000000000000000 0.0000000000000000 0.0358276367187500
0.0000000000000000 0.0000000000000000 0.0000000000000000 0.0210571289062500
0.0032958984375000 0.0000000000000000 0.0000000000000000 0.0000000000000000
0.0866088867187500 0.0000000000000000 0.0000000000000000 0.0000000000000000
0.0761718750000000 0.0000000000000000 0.0000000000000000 0.0000000000000000
0.1166381835937500 0.0000000000000000 0.0000000000000000 0.0379028320312500
0.0152587890625000 0.0000000000000000 0.0000000000000000 0.0000000000000000
0.0000000000000000 0.0000000000000000 0.0000000000000000 0.0042724609375000
0.1989746093750000 0.0996093750000000 0.0000000000000000 0.0000000000000000
0.5308227539062500 0.5356445312500000 0.0000000000000000 0.0000000000000000
0.6641845703125000 0.0000000000000000 0.0000000000000000 0.0000000000000000
0.0407714843750000 0.0000000000000000 0.0000000000000000 0.0000000000000000
0.0709838867187500 0.0029296875000000 0.0000000000000000 0.0000000000000000
0.0685424804687500 0.0000000000000000 0.0000000000000000 0.0000000000000000
0.0597534179687500 0.0000000000000000 0.0000000000000000 0.0000000000000000
0.0438842773437500 0.0000000000000000 0.0141601562500000 0.0000000000000000
0.0000000000000000 0.0000000000000000 0.0081787109375000 0.0000000000000000
0.0000000000000000 0.0000000000000000 0.0000000000000000 0.0000000000000000
0.0000000000000000 0.0000000000000000 0.0823364257812500 0.0000000000000000
0.0000000000000000 0.0000000000000000 0.0000000000000000 0.0000000000000000
0.0000000000000000 0.0000000000000000 0.0000000000000000 0.0000000000000000
0.1431884765625000 0.0402832031250000 0.0000000000000000 0.0000000000000000
0.3509521484375000 0.0000000000000000 0.0000000000000000 0.0000000000000000
0.5171508789062500 0.0000000000000000 0.0000000000000000 0.0000000000000000
0.4740600585937500 0.0000000000000000 0.0000000000000000 0.0000000000000000
0.4136352539062500 0.0000000000000000 0.0000000000000000 0.0210571289062500
0.3340454101562500 0.0000000000000000 0.0000000000000000 0.0564575195312500
0.2299804687500000 0.0000000000000000 0.0000000000000000 0.0589599609375000
0.2585449218750000 0.0000000000000000 0.0000000000000000 0.0932006835937500
0.3488159179687500 0.0000000000000000 0.0000000000000000 0.0601806640625000
0.3793945312500000 0.0000000000000000 0.0000000000000000 0.0625610351562500
0.4236450195312500 0.0000000000000000 0.0000000000000000 0.0408325195312500
0.4735107421875000 0.0000000000000000 0.0000000000000000 0.0000000000000000
0.4649047851562500 0.0000000000000000 0.0000000000000000 0.0000000000000000
0.0969848632812500 0.0000000000000000 0.0870361328125000 0.0000000000000000
0.0000000000000000 0.0000000000000000 0.0000000000000000 0.0551147460937500
0.0000000000000000 0.0000000000000000 0.0010375976562500 0.0095214843750000
0.0000000000000000 0.0000000000000000 0.0000000000000000 0.0054321289062500
0.2695922851562500 0.5181884765625000 0.0000000000000000 0.0000000000000000
0.4603881835937500 0.4322509765625000 0.0000000000000000 0.0000000000000000
0.3853149414062500 0.0000000000000000 0.0000000000000000 0.0000000000000000
0.0177612304687500 0.0000000000000000 0.0000000000000000 0.0000000000000000
0.0556030273437500 0.0000000000000000 0.0000000000000000 0.0000000000000000
0.0697021484375000 0.0028686523437500 0.0000000000000000 0.0000000000000000
0.0828247070312500 0.0000000000000000 0.0000000000000000 0.0000000000000000
0.0906982421875000 0.0000000000000000 0.0000000000000000 0.0000000000000000
0.0351562500000000 0.0000000000000000 0.0158691406250000 0.0000000000000000
0.0484008789062500 0.0000000000000000 0.0000000000000000 0.0000000000000000
0.0198974609375000 0.0000000000000000 0.0180664062500000 0.0000000000000000
0.0000000000000000 0.0000000000000000 0.0155639648437500 0.0126953125000000
0.0000000000000000 0.0000000000000000 0.0000000000000000 0.0000000000000000
0.0000000000000000 0.3202514648437500 0.0000000000000000 0.0000000000000000
0.0911865234375000 0.0845947265625000 0.0000000000000000 0.0000000000000000
0.0718994140625000 0.0000000000000000 0.0531616210937500 0.0000000000000000
0.0000000000000000 0.0000000000000000 0.0000000000000000 0.0000000000000000
0.0000000000000000 0.0000000000000000 0.1583862304687500 0.0000000000000000
0.0000000000000000 0.0102539062500000 0.0393676757812500 0.0000000000000000
0.0000000000000000 0.0000000000000000 0.1068115234375000 0.0000000000000000
0.0000000000000000 0.0000000000000000 0.0000000000000000 0.0000000000000000
0.0000000000000000 0.0000000000000000 0.0277709960937500 0.0000000000000000
0.0000000000000000 0.0000000000000000 0.0000000000000000 0.0000000000000000
0.0869140625000000 0.2003173828125000 0.0000000000000000 0.0000000000000000
0.1062622070312500 0.0000000000000000 0.0500488281250000 0.0000000000000000
0.0000000000000000 0.0830078125000000 0.0000000000000000 0.0000000000000000
0.0000000000000000 0.0000000000000000 0.2111206054687500 0.0000000000000000
0.0000000000000000 0.0000000000000000 0.0024414062500000 0.0632934570312500
0.0000000000000000 0.0000000000000000 0.0000000000000000 0.0125122070312500
0.0626220703125000 0.0000000000000000 0.0000000000000000 0.0000000000000000
0.3228759765625000 0.7154541015625000 0.0000000000000000 0.0000000000000000
0.4617309570312500 0.2994384765625000 0.0512084960937500 0.0000000000000000
0.0608520507812500 0.0000000000000000 0.0000000000000000 0.0000000000000000
0.0815429687500000 0.0000000000000000 0.0000000000000000 0.0000000000000000
0.0724487304687500 0.0026855468750000 0.0000000000000000 0.0000000000000000
0.0687866210937500 0.0097656250000000 0.0000000000000000 0.0000000000000000
0.0574951171875000 0.0000000000000000 0.0000000000000000 0.0000000000000000
0.0093994140625000 0.0000000000000000 0.0000000000000000 0.0000000000000000
0.0000000000000000 0.0000000000000000 0.0208129882812500 0.0000000000000000
0.0299072265625000 0.0000000000000000 0.0000000000000000 0.0000000000000000
0.1128540039062500 0.0000000000000000 0.0000000000000000 0.0000000000000000
0.0100097656250000 0.0000000000000000 0.0000000000000000 0.0686035156250000
0.0404052734375000 0.0000000000000000 0.0000000000000000 0.0000000000000000
0.0218505859375000 0.3171386718750000 0.0000000000000000 0.0000000000000000
0.0225219726562500 0.3078613281250000 0.1056518554687500 0.0000000000000000
0.0000000000000000 0.0000000000000000 0.3801269531250000 0.0000000000000000
0.0000000000000000 0.0000000000000000 0.2471313476562500 0.0781860351562500
0.0000000000000000 0.0000000000000000 0.3281860351562500 0.0062866210937500
0.0000000000000000 0.0000000000000000 0.3320922851562500 0.0000000000000000
0.0000000000000000 0.0000000000000000 0.3532104492187500 0.0000000000000000
0.0000000000000000 0.0000000000000000 0.2456665039062500 0.0028686523437500
0.0000000000000000 0.0000000000000000 0.1829223632812500 0.0000000000000000
0.0000000000000000 0.0000000000000000 0.1105346679687500 0.0000000000000000
0.0000000000000000 0.0586547851562500 0.1430664062500000 0.0000000000000000
0.0000000000000000 0.0000000000000000 0.3757934570312500 0.0000000000000000
0.0000000000000000 0.0000000000000000 0.0889892578125000 0.0000000000000000
0.0000000000000000 0.0000000000000000 0.1484985351562500 0.0000000000000000
0.0000000000000000 0.0000000000000000 0.0000000000000000 0.0382690429687500
0.0249023437500000 0.0000000000000000 0.0000000000000000 0.0000000000000000
0.2458496093750000 0.0930786132812500 0.0000000000000000 0.0000000000000000
0.5382080078125000 0.5324096679687500 0.0000000000000000 0.0000000000000000
0.6267089843750000 0.0814208984375000 0.0000000000000000 0.0000000000000000
0.0614013671875000 0.0114746093750000 0.0000000000000000 0.0000000000000000
0.0468139648437500 0.0000000000000000 0.0000000000000000 0.0000000000000000
0.0587158203125000 0.0211181640625000 0.0000000000000000 0.0000000000000000
0.0604248046875000 0.0059814453125000 0.0000000000000000 0.0000000000000000
0.0444946289062500 0.0000000000000000 0.0000000000000000 0.0000000000000000
0.0499267578125000 0.0000000000000000 0.0000000000000000 0.0000000000000000
0.0964965820312500 0.0000000000000000 0.0000000000000000 0.0000000000000000
0.1014404296875000 0.0000000000000000 0.0000000000000000 0.0000000000000000
0.1934814453125000 0.0000000000000000 0.0000000000000000 0.0000000000000000
0.0924682617187500 0.0000000000000000 0.0000000000000000 0.0621337890625000
0.1115722656250000 0.0000000000000000 0.0000000000000000 0.0382080078125000
0.1661376953125000 0.0789184570312500 0.0000000000000000 0.0000000000000000
0.0349121093750000 0.2833251953125000 0.0000000000000000 0.0000000000000000
0.0000000000000000 0.0000000000000000 0.1210327148437500 0.0000000000000000
0.0000000000000000 0.0000000000000000 0.0000000000000000 0.1047973632812500
0.3930053710937500 0.0000000000000000 0.0000000000000000 0.1440429687500000
0.3910522460937500 0.0000000000000000 0.0000000000000000 0.1035766601562500
0.3342285156250000 0.0000000000000000 0.0000000000000000 0.1070556640625000
0.2103271484375000 0.0000000000000000 0.0000000000000000 0.0861206054687500
0.2977905273437500 0.0000000000000000 0.0000000000000000 0.0350341796875000
0.1865844726562500 0.0000000000000000 0.0000000000000000 0.0000000000000000
0.0567626953125000 0.0000000000000000 0.0548706054687500 0.0000000000000000
0.0000000000000000 0.0000000000000000 0.0597534179687500 0.0332031250000000
0.0000000000000000 0.0000000000000000 0.0000000000000000 0.0000000000000000
0.0000000000000000 0.0000000000000000 0.0443115234375000 0.0000000000000000
0.0000000000000000 0.0000000000000000 0.0000000000000000 0.0022583007812500
0.1930541992187500 0.0000000000000000 0.0000000000000000 0.0000000000000000
0.6298217773437500 0.2968750000000000 0.0000000000000000 0.0000000000000000
0.7695922851562500 0.1637573242187500 0.0000000000000000 0.0000000000000000
0.3906860351562500 0.0632324218750000 0.0000000000000000 0.0000000000000000
0.0481567382812500 0.0274047851562500 0.0000000000000000 0.0000000000000000
0.0612182617187500 0.0000000000000000 0.0000000000000000 0.0000000000000000
0.0375976562500000 0.0222778320312500 0.0000000000000000 0.0000000000000000
0.0426025390625000 0.0192260742187500 0.0000000000000000 0.0000000000000000
0.0612182617187500 0.0000000000000000 0.0000000000000000 0.0000000000000000
0.0870971679687500 0.0000000000000000 0.0000000000000000 0.0000000000000000
0.1234741210937500 0.0000000000000000 0.0000000000000000 0.0000000000000000
0.1260986328125000 0.0000000000000000 0.0000000000000000 0.0000000000000000
0.1341552734375000 0.0000000000000000 0.0000000000000000 0.0000000000000000
0.2119140625000000 0.0000000000000000 0.0000000000000000 0.0308227539062500
0.1232910156250000 0.0000000000000000 0.0000000000000000 0.0321655273437500
0.1776733398437500 0.0000000000000000 0.0000000000000000 0.0000000000000000
0.0808105468750000 0.1206665039062500 0.0000000000000000 0.0000000000000000
0.0000000000000000 0.0000000000000000 0.0955200195312500 0.0000000000000000
0.0000000000000000 0.0000000000000000 0.0000000000000000 0.0000000000000000
0.1140136718750000 0.0000000000000000 0.0000000000000000 0.0148925781250000
0.3190917968750000 0.0000000000000000 0.0000000000000000 0.0466918945312500
0.3190917968750000 0.0000000000000000 0.0000000000000000 0.0555419921875000
0.3414306640625000 0.0000000000000000 0.0000000000000000 0.0350341796875000
0.2579345703125000 0.0000000000000000 0.0000000000000000 0.0000000000000000
0.1237182617187500 0.0000000000000000 0.0000000000000000 0.0021362304687500
0.0000000000000000 0.0000000000000000 0.0413818359375000 0.0346069335937500
0.0000000000000000 0.0000000000000000 0.0000000000000000 0.0415649414062500
0.0000000000000000 0.0000000000000000 0.0000000000000000 0.0000000000000000
0.0040283203125000 0.0000000000000000 0.0000000000000000 0.0000000000000000
0.0292968750000000 0.0000000000000000 0.0000000000000000 0.0000000000000000
0.3634643554687500 0.3419189453125000 0.0000000000000000 0.0000000000000000
0.5413208007812500 0.3970947265625000 0.0000000000000000 0.0000000000000000
0.5078125000000000 0.1198120117187500 0.0000000000000000 0.0000000000000000
0.0465087890625000 0.0079345703125000 0.0000000000000000 0.0000000000000000
0.0509033203125000 0.0183715820312500 0.0000000000000000 0.0000000000000000
0.0734252929687500 0.0000000000000000 0.0000000000000000 0.0000000000000000
0.0427856445312500 0.0199584960937500 0.0000000000000000 0.0000000000000000
0.0474243164062500 0.0228271484375000 0.0000000000000000 0.0000000000000000
0.0483398437500000 0.0209960937500000 0.0000000000000000 0.0000000000000000
0.0479125976562500 0.0000000000000000 0.0000000000000000 0.0000000000000000
0.0429077148437500 0.0000000000000000 0.0029907226562500 0.0000000000000000
0.0708007812500000 0.0000000000000000 0.0000000000000000 0.0000000000000000
0.0759887695312500 0.0000000000000000 0.0000000000000000 0.0000000000000000
0.2299194335937500 0.0000000000000000 0.0000000000000000 0.0000000000000000
0.2501220703125000 0.0000000000000000 0.0000000000000000 0.0189819335937500
0.1680297851562500 0.0000000000000000 0.0000000000000000 0.0000000000000000
0.1129760742187500 0.0000000000000000 0.0000000000000000 0.0000000000000000
0.0000000000000000 0.0000000000000000 0.0991821289062500 0.0000000000000000
0.0000000000000000 0.0000000000000000 0.1628417968750000 0.0000000000000000
0.0000000000000000 0.0000000000000000 0.1825561523437500 0.0000000000000000
0.0000000000000000 0.0000000000000000 0.1154785156250000 0.0000000000000000
0.0000000000000000 0.0000000000000000 0.0156860351562500 0.0000000000000000
0.0000000000000000 0.0000000000000000 0.0340576171875000 0.0000000000000000
0.0000000000000000 0.0000000000000000 0.0710449218750000 0.0000000000000000
0.0000000000000000 0.0000000000000000 0.0600585937500000 0.0416259765625000
0.0000000000000000 0.0000000000000000 0.0110473632812500 0.0545043945312500
0.0000000000000000 0.0000000000000000 0.0000000000000000 0.0239257812500000
0.0180053710937500 0.0000000000000000 0.0000000000000000 0.0000000000000000
0.0410766601562500 0.0000000000000000 0.0000000000000000 0.0000000000000000
0.1903686523437500 0.0401000976562500 0.0000000000000000 0.0000000000000000
0.4547729492187500 0.5820312500000000 0.0000000000000000 0.0000000000000000
0.5368652343750000 0.1842041015625000 0.0000000000000000 0.0000000000000000
0.0742797851562500 0.0015258789062500 0.0000000000000000 0.0000000000000000
0.0532836914062500 0.0122070312500000 0.0000000000000000 0.0000000000000000
0.0500488281250000 0.0159301757812500 0.0000000000000000 0.0000000000000000
0.0530395507812500 0.0083618164062500 0.0000000000000000 0.0000000000000000
0.0175781250000000 0.0387573242187500 0.0150146484375000 0.0000000000000000
0.0422973632812500 0.0240478515625000 0.0000000000000000 0.0000000000000000
0.0554199218750000 0.0408325195312500 0.0000000000000000 0.0000000000000000
0.0608520507812500 0.0000000000000000 0.0000000000000000 0.0000000000000000
0.0599975585937500 0.0000000000000000 0.0000000000000000 0.0000000000000000
0.0859985351562500 0.0603637695312500 0.0000000000000000 0.0000000000000000
0.1539916992187500 0.0000000000000000 0.0000000000000000 0.0000000000000000
0.1160278320312500 0.0000000000000000 0.0000000000000000 0.0000000000000000
0.2895507812500000 0.0000000000000000 0.0000000000000000 0.0011596679687500
0.2658691406250000 0.0000000000000000 0.0000000000000000 0.0000000000000000
0.1807861328125000 0.0000000000000000 0.0000000000000000 0.0000000000000000
0.0301513671875000 0.0000000000000000 0.0000000000000000 0.0000000000000000
0.0000000000000000 0.0000000000000000 0.1138916015625000 0.0000000000000000
0.0000000000000000 0.0000000000000000 0.2253417968750000 0.0000000000000000
0.0000000000000000 0.0000000000000000 0.1958618164062500 0.0000000000000000
0.0000000000000000 0.0000000000000000 0.1537475585937500 0.0000000000000000
0.0000000000000000 0.0000000000000000 0.1885375976562500 0.0000000000000000
0.0000000000000000 0.0000000000000000 0.1444091796875000 0.0263061523437500
0.0000000000000000 0.0000000000000000 0.0449218750000000 0.0487670898437500
0.0000000000000000 0.0000000000000000 0.0000000000000000 0.0392456054687500
0.0159301757812500 0.0000000000000000 0.0000000000000000 0.0182495117187500
0.0420532226562500 0.0000000000000000 0.0000000000000000 0.0000000000000000
0.1059570312500000 0.0000000000000000 0.0000000000000000 0.0000000000000000
0.2862548828125000 0.2539062500000000 0.0000000000000000 0.0000000000000000
0.4123535156250000 0.4872436523437500 0.0000000000000000 0.0000000000000000
0.3510131835937500 0.1782226562500000 0.0000000000000000 0.0000000000000000
0.0482177734375000 0.0029907226562500 0.0000000000000000 0.0000000000000000
0.0646362304687500 0.0249633789062500 0.0000000000000000 0.0000000000000000
0.0641479492187500 0.0006103515625000 0.0000000000000000 0.0000000000000000
0.0646972656250000 0.0087890625000000 0.0000000000000000 0.0000000000000000
0.0000000000000000 0.0866088867187500 0.0505981445312500 0.0000000000000000
0.0112304687500000 0.0394897460937500 0.0000000000000000 0.0000000000000000
0.0632934570312500 0.0515747070312500 0.0000000000000000 0.0000000000000000
0.0704345703125000 0.0161743164062500 0.0000000000000000 0.0000000000000000
0.0670776367187500 0.0000000000000000 0.0000000000000000 0.0000000000000000
0.0587768554687500 0.0305175781250000 0.0000000000000000 0.0000000000000000
0.0787963867187500 0.0666503906250000 0.0000000000000000 0.0000000000000000
0.0621337890625000 0.0000000000000000 0.0000000000000000 0.0000000000000000
0.1080322265625000 0.0000000000000000 0.0000000000000000 0.0000000000000000
0.3050537109375000 0.0000000000000000 0.0000000000000000 0.0000000000000000
0.2868041992187500 0.0000000000000000 0.0000000000000000 0.0016479492187500
0.1157836914062500 0.0000000000000000 0.0000000000000000 0.0062866210937500
0.0159912109375000 0.0000000000000000 0.0000000000000000 0.0105590820312500
0.0000000000000000 0.0000000000000000 0.0361938476562500 0.0086059570312500
0.0000000000000000 0.0000000000000000 0.0421142578125000 0.0223999023437500
0.0000000000000000 0.0000000000000000 0.0664672851562500 0.0156250000000000
0.0000000000000000 0.0000000000000000 0.0609130859375000 0.0317382812500000
0.0000000000000000 0.0000000000000000 0.0208129882812500 0.0470581054687500
0.0000000000000000 0.0000000000000000 0.0000000000000000 0.0366821289062500
0.0000000000000000 0.0000000000000000 0.0000000000000000 0.0228881835937500
0.0583496093750000 0.0000000000000000 0.0000000000000000 0.0127563476562500
0.1190795898437500 0.0000000000000000 0.0000000000000000 0.0000000000000000
0.2338256835937500 0.0000000000000000 0.0000000000000000 0.0000000000000000
0.3826293945312500 0.3348999023437500 0.0000000000000000 0.0000000000000000
0.5024414062500000 0.3026123046875000 0.0000000000000000 0.0000000000000000
0.2136840820312500 0.0701904296875000 0.0000000000000000 0.0000000000000000
0.0570068359375000 0.0014038085937500 0.0000000000000000 0.0000000000000000
0.0607910156250000 0.0231933593750000 0.0000000000000000 0.0000000000000000
0.0894165039062500 0.0000000000000000 0.0000000000000000 0.0000000000000000
0.0578613281250000 0.0000000000000000 0.0000000000000000 0.0000000000000000
0.0535278320312500 0.0712280273437500 0.0000000000000000 0.0000000000000000
0.0005493164062500 0.0775756835937500 0.0000000000000000 0.0000000000000000
0.0690307617187500 0.0524291992187500 0.0000000000000000 0.0000000000000000
0.0741577148437500 0.0199584960937500 0.0000000000000000 0.0000000000000000
0.0485839843750000 0.0000000000000000 0.0000000000000000 0.0000000000000000
0.0629272460937500 0.0000000000000000 0.0000000000000000 0.0000000000000000
0.0708007812500000 0.0402832031250000 0.0000000000000000 0.0000000000000000
0.0436401367187500 0.0197143554687500 0.0000000000000000 0.0000000000000000
0.0806884765625000 0.0000000000000000 0.0000000000000000 0.0000000000000000
0.1129760742187500 0.0000000000000000 0.0000000000000000 0.0000000000000000
0.2518310546875000 0.0000000000000000 0.0000000000000000 0.0000000000000000
0.2254638671875000 0.0000000000000000 0.0000000000000000 0.0474243164062500
0.1315917968750000 0.0000000000000000 0.0000000000000000 0.0402832031250000
0.0463867187500000 0.0000000000000000 0.0000000000000000 0.0466308593750000
0.0000000000000000 0.0000000000000000 0.0000000000000000 0.0622558593750000
0.0000000000000000 0.0000000000000000 0.0000000000000000 0.0449218750000000
0.0000000000000000 0.0000000000000000 0.0000000000000000 0.0558471679687500
0.0001831054687500 0.0000000000000000 0.0000000000000000 0.0496215820312500
0.0446166992187500 0.0000000000000000 0.0000000000000000 0.0275878906250000
0.1041259765625000 0.0000000000000000 0.0000000000000000 0.0089111328125000
0.1450195312500000 0.0000000000000000 0.0000000000000000 0.0000000000000000
0.1970825195312500 0.0000000000000000 0.0000000000000000 0.0000000000000000
0.3181152343750000 0.1544189453125000 0.0000000000000000 0.0000000000000000
0.4516601562500000 0.2774047851562500 0.0000000000000000 0.0000000000000000
0.4290771484375000 0.2159423828125000 0.0000000000000000 0.0000000000000000
0.1937866210937500 0.0567016601562500 0.0000000000000000 0.0000000000000000
0.0554809570312500 0.0313110351562500 0.0000000000000000 0.0000000000000000
0.0621337890625000 0.0269775390625000 0.0000000000000000 0.0000000000000000
0.0506591796875000 0.0123291015625000 0.0000000000000000 0.0000000000000000
0.0299682617187500 0.0000000000000000 0.0227050781250000 0.0000000000000000
