1a6a 1b96 0000 0000
160a 0907 0000 0000
02a0 0402 0000 0000
0349 0000 0215 0000
0000 0000 0817 0000
0000 0000 0dc2 0000
0000 0000 071f 0000
0000 0000 035a 0000
0000 0000 00c4 0000
0000 0000 0000 0000
0000 0000 00bc 0000
0000 0000 0041 0000
0000 0000 0098 0000
0000 0000 01ab 0000
0000 0000 044a 0000
0000 0aab 06b1 0000
0000 16af 07b1 0000
0000 11b7 0908 0000
0000 0000 093f 0000
0000 0000 0000 0000
0000 0000 0412 0000
0000 0000 0855 0000
0000 0000 0000 0000
0000 0cf7 0000 0000
0173 01f5 04cb 0000
0000 0000 0000 0000
0654 0000 0000 0000
05ac 0000 0000 0000
0672 0000 0000 0000
04db 0000 0000 0000
1e52 0fcc 0000 0000
0c27 038f 0000 0000
06b1 00b7 0000 0000
0168 0000 02ef 0000
0000 0000 0789 0000
0000 0000 08ce 0000
0000 0000 036a 0000
0000 0000 02ba 0000
0000 0000 0191 0000
0000 0000 0014 0000
0000 0000 0022 0068
0000 0000 0000 0072
0000 0000 0000 0000
0000 0000 0000 0000
0000 0000 007b 0000
0000 0000 024d 0000
0000 0f2a 0413 0000
0000 15cd 0934 0000
0000 052e 0937 0000
0000 0000 03d2 0000
01fe 0000 0000 0000
0000 0000 0000 0000
039e 0000 0000 0000
039c 070c 0000 0000
0000 0899 07de 0000
0000 029a 0000 0000
0000 0000 0179 0000
039b 0000 0000 0000
0000 0000 0000 0000
0240 0000 0000 0000
224e 09f1 0000 0000
0791 028d 0000 0000
0714 02df 0000 0000
00fb 0000 0293 0000
0000 0000 075b 0000
0000 0000 035f 0000
0000 0000 0273 0000
0000 0000 01f6 0000
0000 0000 0119 0000
0000 0000 0000 001b
0000 0000 0000 00f9
0000 0000 0000 00b1
0000 0000 0000 0059
0000 0000 0000 0062
0000 0000 0000 0000
0000 0000 00bb 0000
0000 0516 00ad 0000
0000 10bc 06b1 0000
0000 0e24 0c4a 0000
0000 012d 0938 0000
0000 0000 037a 0000
0217 0000 0000 0000
0000 0000 00e4 0000
022a 0000 0000 0000
0078 03ad 018a 0000
0000 0a61 0000 0000
0000 0000 038a 0000
0000 0000 0000 0000
0000 0000 004e 0000
0000 0000 0000 0000
172b 0766 0000 0000
023c 005c 000c 0000
00f8 0301 0000 0000
0045 0000 062a 0000
0000 0000 092c 0000
0000 0000 0255 0000
0000 0000 0080 0000
0000 0000 0000 0000
0000 0000 0000 0000
0000 0000 0000 0000
0000 0000 0000 00cc
0000 0000 0000 00c8
0000 0000 0000 0114
0000 0000 0000 00f8
0000 0000 0000 006c
0000 0000 005b 0017
0000 0000 0000 0000
0000 0610 02fa 0000
0000 0af0 08c9 0000
0000 0a04 0523 0000
0000 0000 0745 0000
0000 0000 0000 0000
0000 0000 0407 0000
0000 0000 037f 0000
0000 0579 0000 0000
0000 10c6 0205 0000
0000 014a 040f 0000
0000 0000 0000 0000
0761 0000 0000 0000
0668 0000 0000 0000
0d66 020b 0000 0000
02ce 0000 0000 0000
0537 0191 0000 0000
0000 0000 07e8 0000
0000 0000 0784 0000
0000 0000 0241 0000
0000 0000 0000 0000
0000 0000 0000 0000
0000 0000 0000 0000
0000 0000 0000 0000
0000 0000 0000 00b7
0000 0000 0000 012b
0000 0000 0000 01df
0000 0000 0000 01c2
0000 0000 0000 0160
0000 0000 0000 0134
0000 0000 0000 0000
0000 0000 01c2 0000
0000 0334 0477 0000
0000 0fd7 030e 0000
0000 0381 087c 0000
0000 0000 0445 0000
0000 0000 0000 0000
0000 0000 00f8 0000
009c 0000 0000 0000
02b4 09d9 0000 0000
0000 0a11 04c8 0000
0000 0000 007c 0000
01da 0000 0000 0000
04e2 0000 0000 0000
0643 0277 0000 0000
0392 0039 0000 0000
029c 0154 0000 0000
0000 0000 088e 0000
0000 0000 0340 0000
0000 0000 018e 0000
0000 0000 0000 0000
0000 0000 000d 0000
0000 0000 0000 0000
0000 0000 003f 0000
0000 0000 0023 008f
0000 0000 0000 0102
0000 0000 0000 01c3
0000 0000 0000 027b
0000 0000 0000 0222
0000 0000 0000 01a0
0000 0000 000a 00fb
0000 0000 0103 0000
0000 0000 03a4 0000
0000 0984 06d3 0000
0000 0a22 0a1d 0000
0000 03ac 00b3 0000
028a 0000 0000 0000
0c20 0000 0000 0000
0559 0000 0000 0000
0e1a 032b 0000 0000
06a2 0a65 0000 0000
02bc 019b 0087 0000
0a7f 0000 0000 0000
091a 0000 0000 0000
01a4 0296 0000 0000
0180 0177 015a 0000
0005 0000 0196 0000
0000 0000 0708 0000
0000 0000 0000 0000
0215 0000 0000 0000
0b19 0000 0000 0000
150a 0000 0000 0000
1551 0000 0000 00c9
1149 0000 0000 02a3
0816 0000 0000 02f2
019e 0000 0000 0214
0000 0000 0000 0248
0000 0000 0000 0360
0000 0000 0000 0313
0000 0000 0000 02b5
0000 0000 0000 024f
0000 0000 0000 018b
0000 0000 0000 0000
0123 0000 0000 0000
0725 0627 0000 0000
1096 06e5 0000 0000
0d27 0000 0000 0000
0df8 0000 0000 0000
0b8a 0000 0000 0000
0875 0000 0000 0000
0fce 0a36 0000 0000
01a9 0898 0000 0000
06e3 04f0 0000 0000
0b7a 0000 0000 0000
0696 0172 0000 0000
0366 0000 0224 0000
0000 0000 0000 0000
0000 0000 0330 0000
020c 0000 0000 0000
095d 0000 0000 0000
05b4 0000 0000 0000
016a 0000 0000 0000
08b0 0000 0000 0000
17fd 0000 0000 0000
2591 0000 0000 04b9
2249 0000 0000 0586
13b0 0000 0000 0541
04b1 0000 0000 038a
03fe 0000 0000 03eb
0310 0000 0000 035a
0272 0000 0000 0304
045f 0000 0000 01eb
0d5b 0000 0000 0012
1ba9 0000 0000 0000
2695 0000 0000 0000
1d27 0279 0000 0000
0822 0000 00fd 0000
0000 03e6 0000 0000
0655 0000 0000 0000
0000 0000 0000 0000
0383 05cc 0000 0000
082b 11ed 0000 0000
0144 081c 01c2 0000
0891 0000 0000 0000
05e7 0227 0000 0000
0314 0000 033d 0000
00b1 0000 0000 0000
0144 0000 0156 0000
0000 0000 0000 0000
0000 0000 04b3 0000
0000 0000 02ae 0000
0000 0000 0000 0000
050a 0000 0000 0000
0347 0000 0000 0000
00cc 0000 0000 0000
0740 0000 0000 0000
0ea2 0000 0000 06b8
0e56 0000 0000 044e
051b 0000 0000 039f
01c8 0000 0000 0345
01ab 0000 0000 0224
0719 0000 0000 0000
0c45 0000 0000 0000
0ba1 0944 0000 0000
05a3 0e33 0000 0000
0000 01c0 0768 0000
0000 0000 0000 0000
0016 0000 0000 0000
0560 0000 0000 0000
0506 0000 0000 0000
00b3 0000 0000 0000
10c0 13db 0000 0000
09d5 0940 0088 0000
0300 0000 0000 0000
05ba 01a5 0000 0000
0252 0000 0320 0000
0000 0000 0000 0000
00d2 0000 0378 0000
0000 0000 052a 0000
0000 0000 0000 0000
0a2f 0000 0000 0000
2363 0000 0000 0000
24e6 0000 0000 0000
184a 0000 0000 0000
04ba 0000 0703 0000
0000 0000 0380 0000
0000 0000 0000 0000
088d 0000 0000 036a
0785 0000 0000 053d
0000 0000 0000 0446
0000 0000 0000 0034
01f4 0000 0000 0000
0598 04f5 0000 0000
0924 0718 0000 0000
10a7 0000 0000 0000
13bf 0000 0000 0000
173d 0000 0000 0000
1dc6 0000 0000 0000
0f5d 0000 0000 0000
040d 0000 0000 0000
052f 0000 0000 0000
02fc 101c 0000 0000
0942 0fd3 0167 0000
0000 033b 0416 0000
0437 0191 0000 0000
0288 0000 058c 0000
0000 0000 0000 0000
0000 0000 0755 0000
0000 0000 02fc 0000
0101 0372 0000 0000
0d64 0000 0000 0000
1152 03a3 0000 0000
0e76 0294 0000 0000
0ac3 0000 0000 0000
0000 0000 0044 0000
0000 0000 03a5 0000
0000 0000 0000 0000
0000 0000 0000 0000
03f2 0000 0000 06bc
00d9 0000 0000 0672
0023 0000 0000 000c
0000 0000 0000 0000
02b3 05f1 0000 0000
0354 086c 0000 0000
073d 1774 0000 0000
0e7b 09f9 0000 0000
0e01 0000 0000 0000
0000 0000 037f 0000
0000 0510 0930 0000
0000 0000 08f8 0000
0000 03f7 0000 0000
0000 06a8 0000 0000
04e2 0a8a 0000 0000
0000 06bf 0572 0000
0458 00cf 0000 0000
00e0 0000 0409 0000
0013 0000 0000 0000
0000 0000 0833 0000
0000 0000 056f 0000
0000 124a 0000 0000
0000 05b6 0ef3 0000
0000 0d15 02a2 0000
0000 06a4 0a77 0000
0000 0000 1d9c 0000
0000 0000 0db3 0522
0000 0000 03c5 0000
0000 0682 0000 0000
015e 0000 042a 0000
0000 0000 0132 05ea
0000 0000 0000 0808
0000 0000 0000 0138
0000 0000 0000 0000
0000 0731 0000 0000
0000 082b 09c2 0000
0000 20f6 0000 0000
0000 0a69 0db3 0000
0000 0000 1a67 0000
0000 0000 0e60 0000
0000 00e0 1609 0000
0000 0000 1138 0000
0000 09b6 0625 0000
0000 0cfa 019d 0000
0000 0aae 0092 0000
0529 0412 0003 0000
03db 003a 0000 0000
0109 0000 0067 0000
0000 0000 0000 0000
02ae 0000 059d 0000
0000 0000 0552 0000
0000 0934 06ae 0000
0000 0529 1328 0000
0000 0dcf 0df4 0000
0000 09f4 199c 0000
0000 0000 212d 0000
0000 0000 0819 032f
0000 0000 0000 0000
0205 0792 0000 0000
04f9 0000 06bf 0000
0000 0000 058e 0524
0000 0000 0000 07c1
0000 0000 0000 0274
0000 0000 0000 0000
0000 0000 0000 0000
0000 0000 0403 0000
0000 1dd6 0274 0000
0000 13f4 1e24 0000
0000 0000 257c 0000
0000 0000 0c14 001c
0000 0000 1157 0000
0000 0000 0ced 0000
0000 0821 09dc 0000
0000 160d 00a0 0000
0000 0dbb 0011 0000
079c 0000 0000 0000
02ae 0000 0000 0000
0410 0000 0000 0000
0181 0000 003a 0000
0000 0000 048e 0000
0000 0000 01a0 0000
0000 0000 047a 0000
0000 0063 0c75 0000
0000 0437 1588 0000
0000 0000 1a5b 0000
0000 0000 123b 0000
0000 0000 016d 012c
02cb 0000 0000 0000
097d 06a7 0000 0000
04ae 0000 0947 0000
0000 0000 05ad 0607
0000 0000 0000 0666
0000 0000 0000 02b9
0000 0000 0000 00e9
0000 0000 0000 0000
0000 0000 0436 0000
0000 0788 0bf4 0000
0000 01d9 199b 0000
0000 0000 193c 0000
0000 0000 0887 018f
0000 0000 04d1 0000
0000 0000 03b4 0000
0000 0000 03bd 0000
0062 1c0d 0000 0000
0d6c 1665 0000 0000
0e8e 0000 0000 0000
02eb 0000 0000 0000
03b2 0000 0000 0000
0463 0000 0125 0000
0000 0000 0480 0000
0000 0000 0000 01ea
0000 0000 0000 010a
0000 0000 0000 0000
0000 0000 04b3 0000
0000 0000 04df 0000
0000 0000 00d7 0000
0000 0000 0000 0000
0730 0204 0000 0000
0b91 033d 0000 0000
047d 0000 07ef 0000
0000 0000 00f4 0742
0000 0000 0000 05ee
0000 0000 0000 0329
0000 0000 0000 015a
0000 0000 0000 01dc
0000 0000 0000 0199
0000 0000 00fc 0000
0000 0000 0313 000e
0000 0000 0110 0123
0000 0000 00a5 018f
0000 0000 0000 01b5
0000 0000 0000 0000
0000 0000 0000 0000
0b23 24a8 0000 0000
13c1 17cb 00b5 0000
0af0 0006 0000 0000
0289 0000 0104 0000
01d3 028a 0000 0000
0214 0000 01c0 0000
0000 0000 045e 0000
0000 0000 0000 01b5
012f 0000 0000 0138
0240 0000 0000 01fd
0289 0000 0000 00f9
0089 0000 0000 0069
0000 0000 0000 0000
0000 0000 0000 0000
0515 08f6 0000 0000
0ba8 00ee 0000 0000
034a 0000 06e1 0000
0000 0000 0000 07fe
0000 0000 0000 05cd
0000 0000 0000 0367
000e 0000 0000 0138
0000 0000 0000 02eb
0000 0000 0000 032a
0007 0000 0000 01df
0000 0000 0029 013a
0000 0000 00ef 0191
0000 0000 00a4 0209
0000 0000 0000 01a2
0000 0000 0000 0031
00b7 0000 0000 0000
0e68 2d06 0000 0000
134a 114e 0b6c 0000
0101 029a 0000 0000
0288 0000 00cb 0000
02f8 03c2 0000 0000
04e6 0000 011e 0000
0000 0000 0489 0000
0000 0000 0000 00a4
0242 0000 0000 0000
005f 0000 0000 015e
004c 0000 0000 018e
0000 0000 0000 00fe
0000 0000 0000 0047
015c 0000 0000 0000
0955 0c5e 0000 0000
0bcd 0000 0000 0000
0000 0000 0949 00a8
0000 0000 0000 082b
0000 0000 0031 059d
0000 0000 0000 0371
0000 0000 0000 00f3
00ae 0000 0000 0222
0304 0000 0000 02da
04b3 0000 0000 031d
032a 0000 0000 03d1
0000 0000 0000 02ff
0000 0000 0000 0284
0000 0000 0000 01a5
00de 0000 0000 004f
022c 0000 0000 0000
0d22 2fe8 0000 0000
1154 09f6 0e19 0000
0085 0336 0000 0000
0153 0000 0101 0000
033a 040e 0000 0000
064a 0000 0000 0000
005f 0000 046d 0000
0000 0000 0000 0000
0392 0000 0000 0000
0156 0000 0000 0183
00a5 0000 0000 01c5
00e6 0000 0000 01ae
0250 0000 0000 00b2
07fc 0000 0000 0000
0e53 0c77 0000 0000
0f5d 0000 0000 0000
0000 0000 073b 018f
0000 0000 0000 0962
0000 0000 0000 0688
0000 0000 0000 03ae
02db 0000 0000 00b0
021f 0000 0000 00fc
040e 0000 0000 00cd
0671 0000 0000 01bf
0820 0000 0000 04f0
06f0 0000 0000 04fb
03af 0000 0000 02e9
03ed 0000 0000 01bb
0433 0000 0000 0038
0441 0000 0000 0000
0df0 2f25 0000 0000
15ab 084d 09dc 0000
0460 00ec 0000 0000
037f 0000 0000 0000
03f7 033f 0000 0000
0664 0000 011b 0000
0000 0000 062c 0000
0000 0000 0000 0000
0165 0000 0000 0000
02d5 0000 0000 0178
028a 0000 0000 01a4
0374 0000 0000 0116
0494 0000 0000 0000
088c 0000 0000 0000
08c2 0a34 0000 0000
0524 02e5 0000 0000
0104 0000 0000 0000
06d1 0000 0000 096c
0e21 0000 0000 0879
0776 0000 0000 03bd
07a7 0000 0000 0125
0105 0000 0000 009f
0000 0000 0000 0000
005c 0000 0000 0000
0282 0000 0000 0229
07ea 0000 0000 0527
0897 0000 0000 02cc
06b5 0000 0000 0100
059c 0000 0000 003f
0330 0000 0000 0000
0c0a 30e7 0000 0000
1260 0f63 0ac9 0000
0267 0080 0000 0000
0385 0000 0000 0000
043e 02be 0000 0000
052d 0000 00ed 0000
0000 0000 05d5 0000
0000 0000 0000 0000
0000 0000 0000 0000
01c1 0000 0000 0045
035e 0000 0000 0132
03b8 0000 0000 0037
05b6 0000 0000 0000
07ac 0000 0000 0000
03d6 0288 00a3 0000
0000 05ee 05f1 0000
0000 0000 0750 0000
0000 0000 0418 012b
00fa 0000 0000 079d
0447 0000 0000 029b
00fc 0000 0000 01b2
0000 0000 0000 022d
0000 0000 0000 0000
0000 0000 0000 0000
0000 0000 0000 0000
0292 0000 0000 0275
09ca 0000 0000 0250
07c1 0000 0000 00ad
047c 0000 0000 0025
0545 0000 0000 0000
1384 2d93 0000 0000
1bbe 0880 088f 0000
002c 0000 0000 0000
0432 0014 0000 0000
0397 00d2 0000 0000
02dd 0000 0000 0000
00cd 0000 01f3 0000
0118 0000 0000 0000
00eb 0000 0000 0000
0000 0000 016b 0000
0000 0000 0000 007f
0519 0000 0000 0000
0cea 0000 0000 0000
0d86 0000 0000 0000
06e4 0000 0000 0000
0000 0000 04b7 0000
0000 0000 11aa 0000
0000 0000 12e6 0000
0000 0000 0916 029c
0000 0000 0289 02e3
0000 0000 00f6 0252
0000 0000 0000 024b
0000 0000 0000 0159
0036 0000 0000 0000
058b 0000 0000 0000
04e0 0000 0000 0000
0777 0000 0000 026d
00fa 0000 0000 0000
0000 0000 0000 0046
0cbc 0660 0000 0000
21f9 2248 0000 0000
2a82 0000 0000 0000
029c 0000 0000 0000
048b 0030 0000 0000
0463 0000 0000 0000
03d3 0000 0000 0000
02cf 0000 00e8 0000
0000 0000 0086 0000
0000 0000 0000 0000
0000 0000 0545 0000
0000 0000 0000 0000
0000 0000 0000 0000
092a 0294 0000 0000
1676 0000 0000 0000
2119 0000 0000 0000
1e57 0000 0000 0000
1a79 0000 0000 0159
1561 0000 0000 039d
0eb8 0000 0000 03c6
108c 0000 0000 05f7
1653 0000 0000 03da
1848 0000 0000 0401
1b1d 0000 0000 029d
1e4e 0000 0000 0000
1dc1 0000 0000 0000
0635 0000 0592 0000
0000 0000 0000 0387
0000 0000 0011 009c
0000 0000 0000 0059
1141 212a 0000 0000
1d77 1baa 0000 0000
18a9 0000 0000 0000
0123 0000 0000 0000
038f 0000 0000 0000
0476 002f 0000 0000
054d 0000 0000 0000
05ce 0000 0000 0000
0240 0000 0104 0000
0319 0000 0000 0000
0146 0000 0128 0000
0000 0000 00ff 00d0
0000 0000 0000 0000
0000 147f 0000 0000
05d6 056a 0000 0000
049a 0000 0367 0000
0000 0000 0000 0000
0000 0000 0a23 0000
0000 00a8 0285 0000
0000 0000 06d6 0000
0000 0000 0000 0000
0000 0000 01c7 0000
0000 0000 0000 0000
0590 0cd2 0000 0000
06cd 0000 0334 0000
0000 0550 0000 0000
0000 0000 0d83 0000
0000 0000 0028 040d
0000 0000 0000 00cd
0402 0000 0000 0000
14aa 2dca 0000 0000
1d8d 132a 0347 0000
03e5 0000 0000 0000
0538 0000 0000 0000
04a3 002c 0000 0000
0467 00a0 0000 0000
03ae 0000 0000 0000
009a 0000 0000 0000
0000 0000 0155 0000
01ea 0000 0000 0000
0739 0000 0000 0000
00a4 0000 0000 0464
0296 0000 0000 0000
0166 144c 0000 0000
0171 13b4 06c3 0000
0000 0000 1854 0000
0000 0000 0fd1 0501
0000 0000 1501 0067
0000 0000 1541 0000
0000 0000 169b 0000
0000 0000 0fb9 002f
0000 0000 0bb5 0000
0000 0000 0713 0000
0000 03c1 0928 0000
0000 0000 180d 0000
0000 0000 05b2 0000
0000 0000 0981 0000
0000 0000 0000 0273
0198 0000 0000 0000
0fbc 05f5 0000 0000
2272 2213 0000 0000
281c 0536 0000 0000
03ee 00bc 0000 0000
02ff 0000 0000 0000
03c2 015a 0000 0000
03de 0062 0000 0000
02d9 0000 0000 0000
0332 0000 0000 0000
062d 0000 0000 0000
067e 0000 0000 0000
0c62 0000 0000 0000
05eb 0000 0000 03fa
0724 0000 0000 0272
0aa2 050d 0000 0000
023c 1222 0000 0000
0000 0000 07bf 0000
0000 0000 0000 06b5
1927 0000 0000 0938
1907 0000 0000 06a1
1564 0000 0000 06da
0d76 0000 0000 0583
130f 0000 0000 023e
0bf1 0000 0000 0000
03a2 0000 0383 0000
0000 0000 03d3 0220
0000 0000 0000 0000
0000 0000 02d6 0000
0000 0000 0000 0025
0c5b 0000 0000 0000
284f 1300 0000 0000
3141 0a7b 0000 0000
1901 040c 0000 0000
0315 01c1 0000 0000
03eb 0000 0000 0000
0268 016d 0000 0000
02ba 013b 0000 0000
03eb 0000 0000 0000
0593 0000 0000 0000
07e7 0000 0000 0000
0812 0000 0000 0000
0896 0000 0000 0000
0d90 0000 0000 01f9
07e4 0000 0000 020f
0b5f 0000 0000 0000
052c 07b9 0000 0000
0000 0000 061d 0000
0000 0000 0000 0000
074c 0000 0000 00f4
146c 0000 0000 02fd
146c 0000 0000 038e
15da 0000 0000 023e
1082 0000 0000 0000
07eb 0000 0000 0023
0000 0000 02a6 0237
0000 0000 0000 02a9
0000 0000 0000 0000
0042 0000 0000 0000
01e0 0000 0000 0000
1743 15e2 0000 0000
22a5 196a 0000 0000
2080 07ab 0000 0000
02fa 0082 0000 0000
0342 012d 0000 0000
04b3 0000 0000 0000
02bd 0147 0000 0000
0309 0176 0000 0000
0318 0158 0000 0000
0311 0000 0000 0000
02bf 0000 0031 0000
0488 0000 0000 0000
04dd 0000 0000 0000
0eb7 0000 0000 0000
1002 0000 0000 0137
0ac1 0000 0000 0000
073b 0000 0000 0000
0000 0000 0659 0000
0000 0000 0a6c 0000
0000 0000 0baf 0000
0000 0000 0764 0000
0000 0000 0101 0000
0000 0000 022e 0000
0000 0000 048c 0000
0000 0000 03d8 02aa
0000 0000 00b5 037d
0000 0000 0000 0188
0127 0000 0000 0000
02a1 0000 0000 0000
0c2f 0291 0000 0000
1d1b 2540 0000 0000
225c 0bca 0000 0000
04c1 0019 0000 0000
0369 00c8 0000 0000
0334 0105 0000 0000
0365 0089 0000 0000
0120 027b 00f6 0000
02b5 018a 0000 0000
038c 029d 0000 0000
03e5 0000 0000 0000
03d7 0000 0000 0000
0581 03dd 0000 0000
09db 0000 0000 0000
076d 0000 0000 0000
1288 0000 0000 0013
1104 0000 0000 0000
0b92 0000 0000 0000
01ee 0000 0000 0000
0000 0000 074a 0000
0000 0000 0e6c 0000
0000 0000 0c89 0000
0000 0000 09d7 0000
0000 0000 0c11 0000
0000 0000 093e 01af
0000 0000 02e0 031f
0000 0000 0000 0283
0105 0000 0000 012b
02b1 0000 0000 0000
06c8 0000 0000 0000
1252 1040 0000 0000
1a64 1f2f 0000 0000
1677 0b68 0000 0000
0316 0031 0000 0000
0423 0199 0000 0000
041b 000a 0000 0000
0424 0090 0000 0000
0000 058b 033d 0000
00b8 0287 0000 0000
040d 034d 0000 0000
0482 0109 0000 0000
044b 0000 0000 0000
03c3 01f4 0000 0000
050b 0444 0000 0000
03fa 0000 0000 0000
06ea 0000 0000 0000
1386 0000 0000 0000
125b 0000 0000 001b
0769 0000 0000 0067
0106 0000 0000 00ad
0000 0000 0251 008d
0000 0000 02b2 016f
0000 0000 0441 0100
0000 0000 03e6 0208
0000 0000 0155 0303
0000 0000 0000 0259
0000 0000 0000 0177
03bc 0000 0000 00d1
079f 0000 0000 0000
0ef7 0000 0000 0000
187d 156f 0000 0000
2028 135e 0000 0000
0dad 047e 0000 0000
03a6 0017 0000 0000
03e4 017c 0000 0000
05b9 0000 0000 0000
03b4 0000 0000 0000
036d 048f 0000 0000
0009 04f7 0000 0000
046b 035b 0000 0000
04bf 0147 0000 0000
031c 0000 0000 0000
0407 0000 0000 0000
0488 0294 0000 0000
02cb 0143 0000 0000
052a 0000 0000 0000
073b 0000 0000 0000
101e 0000 0000 0000
0e6e 0000 0000 0309
086c 0000 0000 0294
02f8 0000 0000 02fc
0000 0000 0000 03fc
0000 0000 0000 02e0
0000 0000 0000 0393
0003 0000 0000 032d
02db 0000 0000 01c4
06aa 0000 0000 0092
0948 0000 0000 0000
0c9d 0000 0000 0000
145c 09e2 0000 0000
1ce8 11c1 0000 0000
1b76 0dd2 0000 0000
0c67 03a1 0000 0000
038d 0201 0000 0000
03fa 01ba 0000 0000
033e 00ca 0000 0000
01eb 0000 0174 0000
