0.4737548828125000 0.4310302734375000 0.0000000000000000 0.0000000000000000
0.1045532226562500 0.0626220703125000 0.0458374023437500 0.0000000000000000
0.0000000000000000 0.0000000000000000 0.2149658203125000 0.0000000000000000
0.0000000000000000 0.0000000000000000 0.1112670898437500 0.0000000000000000
0.0000000000000000 0.0000000000000000 0.0244750976562500 0.0000000000000000
0.0000000000000000 0.0000000000000000 0.0114746093750000 0.0069580078125000
0.0000000000000000 0.0000000000000000 0.0260620117187500 0.0000000000000000
0.0000000000000000 0.1666870117187500 0.1045532226562500 0.0000000000000000
0.0000000000000000 0.3544311523437500 0.1437988281250000 0.0000000000000000
0.0000000000000000 0.0809326171875000 0.1444702148437500 0.0000000000000000
0.0311279296875000 0.0000000000000000 0.1301879882812500 0.0000000000000000
0.0565185546875000 0.2025756835937500 0.0000000000000000 0.0000000000000000
0.0226440429687500 0.1343383789062500 0.1229248046875000 0.0000000000000000
0.0988769531250000 0.0000000000000000 0.0230102539062500 0.0000000000000000
0.1007080078125000 0.0000000000000000 0.0000000000000000 0.0000000000000000
0.5360107421875000 0.1553344726562500 0.0007324218750000 0.0000000000000000
0.1105957031250000 0.0469360351562500 0.0963134765625000 0.0000000000000000
0.0000000000000000 0.0000000000000000 0.1433105468750000 0.0000000000000000
0.0000000000000000 0.0000000000000000 0.0382690429687500 0.0000000000000000
0.0000000000000000 0.0000000000000000 0.0171508789062500 0.0016479492187500
0.0000000000000000 0.0000000000000000 0.0000000000000000 0.0151977539062500
0.0000000000000000 0.0000000000000000 0.0000000000000000 0.0168457031250000
0.0000000000000000 0.0000000000000000 0.0114135742187500 0.0065917968750000
0.0000000000000000 0.2614746093750000 0.1045532226562500 0.0000000000000000
0.0000000000000000 0.2209472656250000 0.1920166015625000 0.0000000000000000
0.0326538085937500 0.0000000000000000 0.1135864257812500 0.0000000000000000
0.0338134765625000 0.0000000000000000 0.0629272460937500 0.0000000000000000
0.0073242187500000 0.2620849609375000 0.0315551757812500 0.0000000000000000
0.0000000000000000 0.0201416015625000 0.0634155273437500 0.0000000000000000
0.1152954101562500 0.0000000000000000 0.0047607421875000 0.0000000000000000
0.2093505859375000 0.0385131835937500 0.0000000000000000 0.0000000000000000
0.0814819335937500 0.0244750976562500 0.1336669921875000 0.0000000000000000
0.0000000000000000 0.0000000000000000 0.1174316406250000 0.0000000000000000
0.0000000000000000 0.0000000000000000 0.0007934570312500 0.0000000000000000
0.0000000000000000 0.0000000000000000 0.0038452148437500 0.0000000000000000
0.0000000000000000 0.0000000000000000 0.0021362304687500 0.0182495117187500
0.0000000000000000 0.0000000000000000 0.0000000000000000 0.0387573242187500
0.0000000000000000 0.0000000000000000 0.0000000000000000 0.0333251953125000
0.0000000000000000 0.0000000000000000 0.0274658203125000 0.0153198242187500
0.0000000000000000 0.2474975585937500 0.1066284179687500 0.0000000000000000
0.0000000000000000 0.1583251953125000 0.1580200195312500 0.0000000000000000
0.1894531250000000 0.0000000000000000 0.0151367187500000 0.0000000000000000
0.2203369140625000 0.1538696289062500 0.0000000000000000 0.0000000000000000
0.1036376953125000 0.1624145507812500 0.0747070312500000 0.0000000000000000
0.1640014648437500 0.0000000000000000 0.0000000000000000 0.0000000000000000
0.1029052734375000 0.0404052734375000 0.0334472656250000 0.0000000000000000
0.0003051757812500 0.0000000000000000 0.1098632812500000 0.0000000000000000
0.1463012695312500 0.0000000000000000 0.0000000000000000 0.0000000000000000
0.3287353515625000 0.0000000000000000 0.0000000000000000 0.0000000000000000
0.3748168945312500 0.0000000000000000 0.0000000000000000 0.0411987304687500
0.5869750976562500 0.0000000000000000 0.0000000000000000 0.0863037109375000
0.3076171875000000 0.0000000000000000 0.0000000000000000 0.0820922851562500
0.0623779296875000 0.0000000000000000 0.0000000000000000 0.0612182617187500
0.0682983398437500 0.0000000000000000 0.0000000000000000 0.0471191406250000
0.4321899414062500 0.0000000000000000 0.0000000000000000 0.0010986328125000
0.6028442382812500 0.1077270507812500 0.0000000000000000 0.0000000000000000
0.2182617187500000 0.0609130859375000 0.0154418945312500 0.0000000000000000
0.1802978515625000 0.0000000000000000 0.0000000000000000 0.0000000000000000
0.2469482421875000 0.2800903320312500 0.0000000000000000 0.0000000000000000
0.1793212890625000 0.1267089843750000 0.0274658203125000 0.0000000000000000
0.0922241210937500 0.0336303710937500 0.0505981445312500 0.0000000000000000
0.0197753906250000 0.0000000000000000 0.0541992187500000 0.0000000000000000
0.0000000000000000 0.0000000000000000 0.0806884765625000 0.0000000000000000
0.5529174804687500 0.0000000000000000 0.0418701171875000 0.0000000000000000
0.5765380859375000 0.0000000000000000 0.0000000000000000 0.0000000000000000
0.1132812500000000 0.0000000000000000 0.1095581054687500 0.0000000000000000
0.2286376953125000 0.0000000000000000 0.0000000000000000 0.1049804687500000
0.1174926757812500 0.0000000000000000 0.0000000000000000 0.0818481445312500
0.1109008789062500 0.0000000000000000 0.0000000000000000 0.0334472656250000
0.1917114257812500 0.1447753906250000 0.0000000000000000 0.0000000000000000
0.3085327148437500 0.2218627929687500 0.1157226562500000 0.0000000000000000
0.4652099609375000 0.0000000000000000 0.0000000000000000 0.0000000000000000
0.2400512695312500 0.0000000000000000 0.0000000000000000 0.0000000000000000
0.2617187500000000 0.3102416992187500 0.0000000000000000 0.0000000000000000
0.1536254882812500 0.2472534179687500 0.0638427734375000 0.0000000000000000
0.0678710937500000 0.0244750976562500 0.0866699218750000 0.0000000000000000
0.0011596679687500 0.0000000000000000 0.1281127929687500 0.0000000000000000
0.0156860351562500 0.2857666015625000 0.0848999023437500 0.0000000000000000
0.2706298828125000 0.2044067382812500 0.2335815429687500 0.0000000000000000
0.2259521484375000 0.1037597656250000 0.4626464843750000 0.0000000000000000
0.0000000000000000 0.0000000000000000 0.2140502929687500 0.0802001953125000
0.0213623046875000 0.1016845703125000 0.0650634765625000 0.0000000000000000
0.0616455078125000 0.0000000000000000 0.0186767578125000 0.1254882812500000
0.0021362304687500 0.0000000000000000 0.0000000000000000 0.0190429687500000
0.0520019531250000 0.1315917968750000 0.1524658203125000 0.0000000000000000
0.2262573242187500 0.5150146484375000 0.2140502929687500 0.0000000000000000
0.2188110351562500 0.0000000000000000 0.4125366210937500 0.0000000000000000
0.0000000000000000 0.0791015625000000 0.3442993164062500 0.0000000000000000
0.0000000000000000 0.2027587890625000 0.0960083007812500 0.0000000000000000
0.0806274414062500 0.1668701171875000 0.0850830078125000 0.0000000000000000
0.0634765625000000 0.0035400390625000 0.0062866210937500 0.0000000000000000
0.0418701171875000 0.0000000000000000 0.0877075195312500 0.0000000000000000
0.0000000000000000 0.1437988281250000 0.1043701171875000 0.0000000000000000
0.0000000000000000 0.2157592773437500 0.3364257812500000 0.0000000000000000
0.0000000000000000 0.1555175781250000 0.5183715820312500 0.0000000000000000
0.0436401367187500 0.0000000000000000 0.1265258789062500 0.0497436523437500
0.1482543945312500 0.1182861328125000 0.1449584960937500 0.0000000000000000
0.0000000000000000 0.0000000000000000 0.0886840820312500 0.1211547851562500
0.0000000000000000 0.0000000000000000 0.0000000000000000 0.0425415039062500
0.0000000000000000 0.0000000000000000 0.0657958984375000 0.0000000000000000
0.0000000000000000 0.4661865234375000 0.4709472656250000 0.0000000000000000
0.0000000000000000 0.0000000000000000 0.5856933593750000 0.0243530273437500
0.0000000000000000 0.0000000000000000 0.2709350585937500 0.0000000000000000
0.0059814453125000 0.4382934570312500 0.1540527343750000 0.0000000000000000
0.2274169921875000 0.3499145507812500 0.0010375976562500 0.0000000000000000
0.0577392578125000 0.0396728515625000 0.0158691406250000 0.0000000000000000
0.0685424804687500 0.0000000000000000 0.0703125000000000 0.0000000000000000
0.0184936523437500 0.0000000000000000 0.0000000000000000 0.0299072265625000
0.0396118164062500 0.0000000000000000 0.0734252929687500 0.0310668945312500
0.0083618164062500 0.0000000000000000 0.0761108398437500 0.0064086914062500
0.1123046875000000 0.1400146484375000 0.0000000000000000 0.0000000000000000
0.1821289062500000 0.0505981445312500 0.1239624023437500 0.0000000000000000
0.0000000000000000 0.0000000000000000 0.0148925781250000 0.1248779296875000
0.0008544921875000 0.0000000000000000 0.0000000000000000 0.0531616210937500
0.0000000000000000 0.0000000000000000 0.0000000000000000 0.0494384765625000
0.0004272460937500 0.0000000000000000 0.0480346679687500 0.0292358398437500
0.0000000000000000 0.0000000000000000 0.0166015625000000 0.0317993164062500
0.0000000000000000 0.0000000000000000 0.0000000000000000 0.0266723632812500
0.2250976562500000 0.7034912109375000 0.0000000000000000 0.0000000000000000
0.3086547851562500 0.3717651367187500 0.1784667968750000 0.0000000000000000
0.0504150390625000 0.0633544921875000 0.0156860351562500 0.0000000000000000
0.0982666015625000 0.0000000000000000 0.0708618164062500 0.0000000000000000
0.0557861328125000 0.0000000000000000 0.0000000000000000 0.0100097656250000
0.0208740234375000 0.0000000000000000 0.0000000000000000 0.0276489257812500
0.0361328125000000 0.0000000000000000 0.0000000000000000 0.0262451171875000
0.2238159179687500 0.1947631835937500 0.0000000000000000 0.0000000000000000
0.2400512695312500 0.0000000000000000 0.1450805664062500 0.0243530273437500
0.0000000000000000 0.0000000000000000 0.0029907226562500 0.1466064453125000
0.0446166992187500 0.0000000000000000 0.0000000000000000 0.0574951171875000
0.0633544921875000 0.0000000000000000 0.0000000000000000 0.0445556640625000
0.1269531250000000 0.0000000000000000 0.0000000000000000 0.0771484375000000
0.1083984375000000 0.0000000000000000 0.0000000000000000 0.0778198242187500
0.0656127929687500 0.0000000000000000 0.0000000000000000 0.0270385742187500
0.2177734375000000 0.7485351562500000 0.0000000000000000 0.0000000000000000
0.3385620117187500 0.1556396484375000 0.2202758789062500 0.0000000000000000
0.0662841796875000 0.0507202148437500 0.0000000000000000 0.0000000000000000
0.0998535156250000 0.0000000000000000 0.0964355468750000 0.0000000000000000
0.0217895507812500 0.0000000000000000 0.0000000000000000 0.0000000000000000
0.0526123046875000 0.0000000000000000 0.0000000000000000 0.0256347656250000
0.0892333984375000 0.0000000000000000 0.0000000000000000 0.0169677734375000
0.1368408203125000 0.1594238281250000 0.0099487304687500 0.0000000000000000
0.0803222656250000 0.0926513671875000 0.1142578125000000 0.0000000000000000
0.2207641601562500 0.0000000000000000 0.0639648437500000 0.1472167968750000
0.1195678710937500 0.0000000000000000 0.0000000000000000 0.0584106445312500
0.0159301757812500 0.0000000000000000 0.0000000000000000 0.0339965820312500
0.0391845703125000 0.0000000000000000 0.0000000000000000 0.0337524414062500
0.1529541015625000 0.0000000000000000 0.0000000000000000 0.0805053710937500
0.1211547851562500 0.0000000000000000 0.0000000000000000 0.0156250000000000
0.3049316406250000 0.7640991210937500 0.0000000000000000 0.0000000000000000
0.4334716796875000 0.2404174804687500 0.1685180664062500 0.0000000000000000
0.0709838867187500 0.0128173828125000 0.0000000000000000 0.0000000000000000
0.0597534179687500 0.0000000000000000 0.0304565429687500 0.0000000000000000
0.0170898437500000 0.0000000000000000 0.0081787109375000 0.0000000000000000
0.0000000000000000 0.0000000000000000 0.0823364257812500 0.0077514648437500
0.2017822265625000 0.0402832031250000 0.0000000000000000 0.0000000000000000
0.5171508789062500 0.0000000000000000 0.0000000000000000 0.0000000000000000
0.4740600585937500 0.0000000000000000 0.2760009765625000 0.0210571289062500
0.3340454101562500 0.0000000000000000 0.2952880859375000 0.0589599609375000
0.3488159179687500 0.0000000000000000 0.0396118164062500 0.0932006835937500
0.4236450195312500 0.0000000000000000 0.0000000000000000 0.0625610351562500
0.4735107421875000 0.0000000000000000 0.0000000000000000 0.0000000000000000
0.1166381835937500 0.0000000000000000 0.0870361328125000 0.0551147460937500
0.0152587890625000 0.0000000000000000 0.0010375976562500 0.0095214843750000
0.5308227539062500 0.5356445312500000 0.0000000000000000 0.0000000000000000
0.6641845703125000 0.0000000000000000 0.0000000000000000 0.0000000000000000
0.0724487304687500 0.0097656250000000 0.0000000000000000 0.0000000000000000
0.0906982421875000 0.0000000000000000 0.0000000000000000 0.0000000000000000
0.0484008789062500 0.0000000000000000 0.0208129882812500 0.0000000000000000
0.1128540039062500 0.0000000000000000 0.0180664062500000 0.0686035156250000
0.0404052734375000 0.3202514648437500 0.0000000000000000 0.0000000000000000
0.0911865234375000 0.3078613281250000 0.3801269531250000 0.0000000000000000
0.0000000000000000 0.0000000000000000 0.3281860351562500 0.0781860351562500
0.0000000000000000 0.0102539062500000 0.3532104492187500 0.0000000000000000
0.0000000000000000 0.0000000000000000 0.2456665039062500 0.0028686523437500
0.0869140625000000 0.2003173828125000 0.1430664062500000 0.0000000000000000
0.1062622070312500 0.0830078125000000 0.3757934570312500 0.0000000000000000
0.0000000000000000 0.0000000000000000 0.2111206054687500 0.0632934570312500
0.2458496093750000 0.0930786132812500 0.0000000000000000 0.0125122070312500
0.6267089843750000 0.7154541015625000 0.0512084960937500 0.0000000000000000
0.0815429687500000 0.0114746093750000 0.0000000000000000 0.0000000000000000
0.0604248046875000 0.0222778320312500 0.0000000000000000 0.0000000000000000
0.0870971679687500 0.0000000000000000 0.0000000000000000 0.0000000000000000
0.1260986328125000 0.0000000000000000 0.0000000000000000 0.0000000000000000
0.2119140625000000 0.0000000000000000 0.0000000000000000 0.0621337890625000
0.1776733398437500 0.0789184570312500 0.0000000000000000 0.0382080078125000
0.0808105468750000 0.2833251953125000 0.1210327148437500 0.0000000000000000
0.3930053710937500 0.0000000000000000 0.0000000000000000 0.1440429687500000
0.3910522460937500 0.0000000000000000 0.0000000000000000 0.1070556640625000
0.3414306640625000 0.0000000000000000 0.0000000000000000 0.0861206054687500
0.1865844726562500 0.0000000000000000 0.0548706054687500 0.0346069335937500
0.0000000000000000 0.0000000000000000 0.0597534179687500 0.0415649414062500
0.0292968750000000 0.0000000000000000 0.0443115234375000 0.0022583007812500
0.6298217773437500 0.3970947265625000 0.0000000000000000 0.0000000000000000
0.7695922851562500 0.1637573242187500 0.0000000000000000 0.0000000000000000
0.0734252929687500 0.0274047851562500 0.0000000000000000 0.0000000000000000
0.0474243164062500 0.0387573242187500 0.0150146484375000 0.0000000000000000
0.0608520507812500 0.0408325195312500 0.0000000000000000 0.0000000000000000
0.0859985351562500 0.0603637695312500 0.0029907226562500 0.0000000000000000
0.2299194335937500 0.0000000000000000 0.0000000000000000 0.0000000000000000
0.2895507812500000 0.0000000000000000 0.0000000000000000 0.0189819335937500
0.1807861328125000 0.0000000000000000 0.0991821289062500 0.0000000000000000
0.0000000000000000 0.0000000000000000 0.2253417968750000 0.0000000000000000
0.0000000000000000 0.0000000000000000 0.1958618164062500 0.0000000000000000
0.0000000000000000 0.0000000000000000 0.1885375976562500 0.0263061523437500
0.0000000000000000 0.0000000000000000 0.0600585937500000 0.0545043945312500
0.0420532226562500 0.0000000000000000 0.0000000000000000 0.0239257812500000
0.2862548828125000 0.2539062500000000 0.0000000000000000 0.0000000000000000
0.5368652343750000 0.5820312500000000 0.0000000000000000 0.0000000000000000
0.0742797851562500 0.0249633789062500 0.0000000000000000 0.0000000000000000
0.0646972656250000 0.0159301757812500 0.0000000000000000 0.0000000000000000
0.0535278320312500 0.0866088867187500 0.0505981445312500 0.0000000000000000
0.0741577148437500 0.0524291992187500 0.0000000000000000 0.0000000000000000
0.0670776367187500 0.0305175781250000 0.0000000000000000 0.0000000000000000
0.0787963867187500 0.0666503906250000 0.0000000000000000 0.0000000000000000
0.3050537109375000 0.0000000000000000 0.0000000000000000 0.0000000000000000
0.2868041992187500 0.0000000000000000 0.0000000000000000 0.0474243164062500
0.1315917968750000 0.0000000000000000 0.0361938476562500 0.0466308593750000
0.0000000000000000 0.0000000000000000 0.0664672851562500 0.0622558593750000
0.0001831054687500 0.0000000000000000 0.0609130859375000 0.0558471679687500
0.1041259765625000 0.0000000000000000 0.0000000000000000 0.0366821289062500
0.1970825195312500 0.0000000000000000 0.0000000000000000 0.0127563476562500
0.4516601562500000 0.3348999023437500 0.0000000000000000 0.0000000000000000
0.5024414062500000 0.3026123046875000 0.0000000000000000 0.0000000000000000
0.0621337890625000 0.0313110351562500 0.0000000000000000 0.0000000000000000
0.0894165039062500 0.0123291015625000 0.0227050781250000 0.0000000000000000
