--- INICIO DO CALCULO DO NEURONIO ---
Tempo (ps) | Endereco | Dado (hex) | Peso (hex) | Acumulador
   5080000 |        0 |         22 |         7f |      0
   5110000 |        1 |         d8 |         28 |   4318
   5140000 |        2 |         89 |         dc |   2718
   5170000 |        3 |         cd |         f0 |   7002
   5200000 |        4 |         dd |         28 |   7818
   5230000 |        5 |         71 |         1b |   6418
   5260000 |        6 |         6f |         80 |   9469
   5290000 |        7 |         ed |         0f |  -4739
   5320000 |        8 |         72 |         23 |  -5024
   5350000 |        9 |         ee |         80 |  -1034
   5380000 |       10 |         77 |         e3 |   1270
   5410000 |       11 |         a5 |         3b |  -2181
   5440000 |       12 |         0d |         3f |  -7550
   5470000 |       13 |         c6 |         f6 |  -6731
   5500000 |       14 |         73 |         08 |  -6151
   5530000 |       15 |         3e |         d4 |  -5231
   5560000 |       16 |         c3 |         1a |  -7959
   5590000 |       17 |         c3 |         25 |  -9545
   5620000 |       18 |         03 |         a2 | -11802
   5650000 |       19 |         15 |         3c | -12084
   5680000 |       20 |         34 |         da | -10824
   5710000 |       21 |         99 |         80 | -12800
   5740000 |       22 |         99 |         44 |    384
   5770000 |       23 |         2d |         3a |  -6620
   5800000 |       24 |         99 |         80 |  -4010
   5830000 |       25 |         99 |         72 |   9174
   5860000 |       26 |         4f |         54 |  -2568
   5890000 |       27 |         7b |         e5 |   4068
   5920000 |       28 |         7b |         80 |    747
   5950000 |       29 |         a1 |         4c | -14997
   5980000 |       30 |         b9 |         0d | -22217
   6010000 |       31 |         90 |         01 | -23140
   6040000 |       32 |         90 |         bd | -23252
   6070000 |       33 |         78 |         c8 | -15748
   6100000 |       34 |         90 |         7f | -22468
   6130000 |       35 |         90 |         0b |  28844
   6160000 |       36 |         d5 |         08 |  27612
   6190000 |       37 |         69 |         03 |  27268
   6220000 |       38 |         04 |         fc |  27583
   6250000 |       39 |         ca |         d8 |  27567
   6280000 |       40 |         ca |         11 |  29727
   6310000 |       41 |         04 |         2b |  28809
   6340000 |       42 |         ca |         eb |  28981
   6370000 |       43 |         ca |         09 |  30115
   6400000 |       44 |         d0 |         14 |  29629
   6430000 |       45 |         e2 |         1b |  28669
   6460000 |       46 |         e4 |         fa |  27859
   6490000 |       47 |         5f |         ff |  28027
   6520000 |       48 |         10 |         0c |  27932
   6550000 |       49 |         10 |         10 |  28124
   6580000 |       50 |         5f |         02 |  28380
   6610000 |       51 |         10 |         00 |  28570
   6640000 |       52 |         10 |         0d |  28570
   6670000 |       53 |         7e |         ed |  28778
   6700000 |       54 |         9c |         13 |  26384
   6730000 |       55 |         9c |         09 |  24484
   6760000 |       56 |         8a |         0f |  23584
   6790000 |       57 |         52 |         e4 |  21814
   6820000 |       58 |         9c |         18 |  19518
   6850000 |       59 |         8a |         f9 |  17118
   6880000 |       60 |         2e |         19 |  17944
   6910000 |       61 |         2e |         e3 |  19094
   6940000 |       62 |         93 |         04 |  17760
   6970000 |       63 |         a3 |         db |  17324
   7000000 |       64 |         1d |         1d |  20765
   7030000 |       65 |         1d |         df |  21606
   7060000 |       66 |         07 |         f3 |  20649
   7090000 |       67 |         1d |         ce |  20558
   7120000 |       68 |         1d |         11 |  19108
   7150000 |       69 |         07 |         d7 |  19601
   7180000 |       70 |         0f |         e6 |  19314
   7210000 |       71 |         0d |         c5 |  18924
   7240000 |       72 |         74 |         19 |  18157
   7270000 |       73 |         74 |         d8 |  21057
   7300000 |       74 |         d8 |         f6 |  16417
   7330000 |       75 |         74 |         db |  16817
   7360000 |       76 |         b1 |         1f |  12525
   7390000 |       77 |         b1 |         f2 |  10076
   7420000 |       78 |         47 |         10 |  11182
   7450000 |       79 |         b1 |         f9 |  12318
   7480000 |       80 |         b1 |         1c |  12871
   7510000 |       81 |         ad |         f5 |  10659
   7540000 |       82 |         72 |         19 |  11572
   7570000 |       83 |         72 |         f8 |  14422
   7600000 |       84 |         ad |         15 |  13510
   7630000 |       85 |         72 |         0e |  11767
   7660000 |       86 |         72 |         12 |  13363
   7690000 |       87 |         80 |         e7 |  15415
   7720000 |       88 |         dd |         0e |  18615
   7750000 |       89 |         5b |         04 |  18125
   7780000 |       90 |         01 |         06 |  18489
   7810000 |       91 |         ad |         fc |  18495
   7840000 |       92 |         ad |         01 |  18827
   7870000 |       93 |         01 |         03 |  18744
   7900000 |       94 |         ad |         fd |  18747
   7930000 |       95 |         ad |         12 |  18996
   7960000 |       96 |         b8 |         d9 |  17502
   7990000 |       97 |         b8 |         f5 |  20310
   8020000 |       98 |         1d |         f2 |  21102
   8050000 |       99 |         55 |         1e |  20696
   8080000 |      100 |         52 |         01 |  23246
   8110000 |      101 |         9e |         1f |  23328
   8140000 |      102 |         55 |         ec |  20290
   8170000 |      103 |         52 |         07 |  18590
   8200000 |      104 |         70 |         08 |  19164
   8230000 |      105 |         aa |         15 |  20060
   8260000 |      106 |         aa |         0d |  18254
   8290000 |      107 |         fb |         09 |  17136
   8320000 |      108 |         ee |         0b |  17091
   8350000 |      109 |         05 |         06 |  16893
   8380000 |      110 |         05 |         18 |  16923
   8410000 |      111 |         ee |         07 |  17043
   8440000 |      112 |         62 |         11 |  16917
   8470000 |      113 |         1a |         e8 |  18583
   8500000 |      114 |         c7 |         22 |  17959
   8530000 |      115 |         1b |         14 |  16021
   8560000 |      116 |         1a |         10 |  16561
   8590000 |      117 |         66 |         dc |  16977
   8620000 |      118 |         53 |         09 |  13305
   8650000 |      119 |         53 |         fb |  14052
   8680000 |      120 |         1a |         15 |  13637
   8710000 |      121 |         1a |         d6 |  14183
   8740000 |      122 |         5f |         ff |  13091
   8770000 |      123 |         96 |         d7 |  12996
   8800000 |      124 |         54 |         0d |  17342
   8830000 |      125 |         8f |         b0 |  18434
   8860000 |      126 |         2f |         f5 |  27474
   8890000 |      127 |         2f |         cf |  26957
   8920000 |      128 |         30 |         fc |  24654
   8950000 |      129 |         e9 |         bf |  24462
   8980000 |      130 |         be |         f2 |  25957
   9010000 |      131 |         be |         c5 |  26881
   9040000 |      132 |         e9 |         f2 |  30775
   9070000 |      133 |         be |         ca |  31097
   9100000 |      134 |         a7 |         f7 | -30875
   9130000 |      135 |         5e |         d7 | -30074
   9160000 |      136 |         e4 |         10 |  31608
   9190000 |      137 |         df |         dd |  31160
   9220000 |      138 |         3a |         05 |  32315
   9250000 |      139 |         7f |         fb |  32605
   9280000 |      140 |         79 |         15 |  31970
   9310000 |      141 |         04 |         07 | -31025
   9340000 |      142 |         61 |         09 | -30997
   9370000 |      143 |         61 |         0f | -30124
   9400000 |      144 |         e2 |         17 | -28669
   9430000 |      145 |         e2 |         24 | -29359
   9460000 |      146 |         42 |         13 | -30439
   9490000 |      147 |         75 |         f3 | -29185
   9520000 |      148 |         75 |         0c | -30706
   9550000 |      149 |         42 |         19 | -29302
   9580000 |      150 |         a4 |         1b | -27652
   9610000 |      151 |         a4 |         fe | -30136
   9640000 |      152 |         1e |         fe | -29952
   9670000 |      153 |         65 |         0d | -30012
   9700000 |      154 |         07 |         1a | -28699
   9730000 |      155 |         83 |         04 | -28517
   9760000 |      156 |         cd |         f8 | -29017
   9790000 |      157 |         cd |         fe | -28609
   9820000 |      158 |         8d |         08 | -28507
   9850000 |      159 |         93 |         14 | -29427
   9880000 |      160 |         ad |         0e | -31607
   9910000 |      161 |         c4 |         12 |  32767
   9940000 |      162 |         26 |         ef |  31687
   9970000 |      163 |         fb |         08 |  31041
  10000000 |      164 |         fb |         1b |  31001
  10030000 |      165 |         26 |         16 |  30866
  10060000 |      166 |         26 |         f1 |  31702
  10090000 |      167 |         ce |         0c |  31132
  10120000 |      168 |         32 |         14 |  30532
  10150000 |      169 |         67 |         07 |  31532
  10180000 |      170 |         64 |         f5 |  32253
  10210000 |      171 |         38 |         13 |  31153
  10240000 |      172 |         94 |         14 |  32217
  10270000 |      173 |         94 |         0b |  30057
  10300000 |      174 |         71 |         f7 |  28869
  10330000 |      175 |         9f |         18 |  27852
  10360000 |      176 |         9f |         19 |  25524
  10390000 |      177 |         b5 |         08 |  23099
  10420000 |      178 |         9f |         f6 |  22499
  10450000 |      179 |         9f |         19 |  23469
  10480000 |      180 |         af |         02 |  21044
  10510000 |      181 |         2e |         05 |  20882
  10540000 |      182 |         d4 |         0c |  21112
  10570000 |      183 |         af |         01 |  20584
  10600000 |      184 |         2e |         d9 |  20503
  10630000 |      185 |         12 |         0d |  18709
  10660000 |      186 |         7a |         0a |  18943
  10690000 |      187 |         12 |         f0 |  20163
  10720000 |      188 |         12 |         ca |  19875
  10750000 |      189 |         ac |         f8 |  18903
  10780000 |      190 |         0f |         0a |  19575
  10810000 |      191 |         00 |         ec |  19725
  10840000 |      192 |         fc |         b1 |  19725
  10870000 |      193 |         8d |         00 |  20041
  10900000 |      194 |         44 |         20 |  20041
  10930000 |      195 |         fc |         fa |  22217
  10960000 |      196 |         8d |         ba |  22241
  10990000 |      197 |         44 |         f8 |  30291
  11020000 |      198 |         d3 |         16 |  29747
  11050000 |      199 |         6e |         0c |  28757
  11080000 |      200 |         6e |         16 |  30077
  11110000 |      201 |         b4 |         fb |  32497
  11140000 |      202 |         be |         01 | -32659
  11170000 |      203 |         6c |         16 | -32725
  11200000 |      204 |         b4 |         2b | -30349
  11230000 |      205 |         be |         1a |  31919
  11260000 |      206 |         b7 |         e9 |  30203
  11290000 |      207 |         9e |         08 |  31882
  11320000 |      208 |         af |         13 |  31098
  11350000 |      209 |         af |         2c |  29559
  11380000 |      210 |         72 |         e5 |  25995
  11410000 |      211 |         af |         f5 |  22917
  11440000 |      212 |         af |         08 |  23808
  11470000 |      213 |         72 |         04 |  23160
  11500000 |      214 |         72 |         fc |  23616
  11530000 |      215 |         3a |         06 |  23160
  11560000 |      216 |         2d |         00 |  23508
  11590000 |      217 |         25 |         01 |  23508
  11620000 |      218 |         7b |         0c |  23545
  11650000 |      219 |         38 |         11 |  25021
  11680000 |      220 |         38 |         12 |  25973
  11710000 |      221 |         7b |         19 |  26981
  11740000 |      222 |         f7 |         f4 |  30056
  11770000 |      223 |         f7 |         02 |  30164
  11800000 |      224 |         cf |         0b |  30146
  11830000 |      225 |         dc |         18 |  29607
  11860000 |      226 |         dc |         e0 |  28743
  11890000 |      227 |         bc |         03 |  29895
  11920000 |      228 |         dc |         0c |  29691
  11950000 |      229 |         dc |         17 |  29259
  11980000 |      230 |         fa |         e3 |  28431
  12010000 |      231 |         7a |         0b |  28605
  12040000 |      232 |         96 |         20 |  29947
  12070000 |      233 |         fa |         1a |  26555
  12100000 |      234 |         48 |         08 |  26399
  12130000 |      235 |         39 |         1c |  26975
  12160000 |      236 |         39 |         11 |  28571
  12190000 |      237 |         43 |         16 |  29540
  12220000 |      238 |         5a |         1e |  31014
  12250000 |      239 |         b5 |         0c | -31822
  12280000 |      240 |         97 |         2f | -32722
  12310000 |      241 |         46 |         0e |  27879
  12340000 |      242 |         46 |         26 |  28859
  12370000 |      243 |         d1 |         0b |  31519
  12400000 |      244 |         d7 |         1e |  31002
  12430000 |      245 |         91 |         7f |  29772
  12460000 |      246 |         45 |         0a |  15675
  12490000 |      247 |         cb |         fc |  16365
  12520000 |      248 |         2a |         25 |  16577
  12550000 |      249 |         45 |         0c |  18131
  12580000 |      250 |         cb |         19 |  18959
  12610000 |      251 |         2a |         f8 |  17634
  12640000 |      252 |         82 |         0c |  17298
  12670000 |      253 |         63 |         cf |  15786
  12700000 |      254 |         f2 |         30 |  10935
  12730000 |      255 |         de |         07 |  10263
  12760000 |      256 |         64 |         15 |  10025
  12790000 |      257 |         7d |         18 |  12125
  12820000 |      258 |         eb |         38 |  15125
  12850000 |      259 |         64 |         09 |  13949
  12880000 |      260 |         62 |         1e |  14849
  12910000 |      261 |         b0 |         1d |  17789
  12940000 |      262 |         b0 |         33 |  15469
  12970000 |      263 |         30 |         17 |  11389
  13000000 |      264 |         e6 |         2d |  12493
  13030000 |      265 |         e6 |         15 |  11323
  13060000 |      266 |         00 |         06 |  10777
  13090000 |      267 |         8f |         0e |  10777
  13120000 |      268 |         e6 |         1e |   9195
  13150000 |      269 |         1c |         1c |   8415
  13180000 |      270 |         1d |         f7 |   9199
  13210000 |      271 |         1d |         05 |   8938
  13240000 |      272 |         59 |         02 |   9083
  13270000 |      273 |         16 |         00 |   9261
  13300000 |      274 |         5a |         f8 |   9261
  13330000 |      275 |         59 |         f6 |   8541
  13360000 |      276 |         bd |         1b |   7651
  13390000 |      277 |         26 |         02 |   5842
  13420000 |      278 |         05 |         ed |   5918
  13450000 |      279 |         39 |         01 |   5823
  13480000 |      280 |         ff |         e9 |   5880
  13510000 |      281 |         eb |         20 |   5903
  13540000 |      282 |         36 |         02 |   5231
  13570000 |      283 |         36 |         fd |   5339
  13600000 |      284 |         5e |         e4 |   5177
  13630000 |      285 |         36 |         14 |   2545
  13660000 |      286 |         36 |         ea |   3625
  13690000 |      287 |         5e |         06 |   2437
  13720000 |      288 |         ee |         fa |   3001
  13750000 |      289 |         ee |         1c |   3109
  13780000 |      290 |         0f |         f6 |   2605
  13810000 |      291 |         ee |         0c |   2455
  13840000 |      292 |         ee |         2e |   2239
  13870000 |      293 |         29 |         22 |   1411
  13900000 |      294 |         62 |         24 |   2805
  13930000 |      295 |         62 |         1e |   6333
  13960000 |      296 |         87 |         26 |   9273
  13990000 |      297 |         c8 |         16 |   4675
  14020000 |      298 |         db |         27 |   3443
  14050000 |      299 |         21 |         13 |   2000
  14080000 |      300 |         ab |         18 |   2627
  14110000 |      301 |         db |         0b |    587
  14140000 |      302 |         21 |         ec |    180
  14170000 |      303 |         ab |         01 |   -480
  14200000 |      304 |         13 |         1e |   -565
  14230000 |      305 |         40 |         27 |      5
  14260000 |      306 |         0a |         13 |   2501
  14290000 |      307 |         fa |         ff |   2691
  14320000 |      308 |         87 |         3b |   2697
  14350000 |      309 |         cd |         e0 |  -4442
  14380000 |      310 |         53 |         63 |  -2810
  14410000 |      311 |         77 |         fd |   5407
  14440000 |      312 |         8e |         1d |   5050
  14470000 |      313 |         1a |         e3 |   1744
  14500000 |      314 |         77 |         3c |    990
  14530000 |      315 |         7f |         08 |   8130
  14560000 |      316 |         7f |         0d |   9146
  14590000 |      317 |         a4 |         e8 |  10797
  14620000 |      318 |         7f |         1e |  13005
  14650000 |      319 |         7f |         0b |  16815
  14680000 |      320 |         a4 |         14 |  18212
  14710000 |      321 |         c9 |         22 |  16372
  14740000 |      322 |         b0 |         4b |  14502
  14770000 |      323 |         6a |         15 |   8502
  14800000 |      324 |         e9 |         44 |  10728
  14830000 |      325 |         71 |         1d |   9164
  14860000 |      326 |         b5 |         2d |  12441
  14890000 |      327 |         97 |         11 |   9066
  14920000 |      328 |         97 |         12 |   7281
  14950000 |      329 |         c1 |         06 |   5391
  14980000 |      330 |         5a |         06 |   5013
  15010000 |      331 |         5a |         0a |   5553
  15040000 |      332 |         46 |         ed |   6453
  15070000 |      333 |         fd |         0a |   5123
  15100000 |      334 |         50 |         f4 |   5093
  15130000 |      335 |         da |         f3 |   4133
  15160000 |      336 |         fd |         11 |   4627
  15190000 |      337 |         f8 |         02 |   4576
  15220000 |      338 |         1e |         04 |   4560
  15250000 |      339 |         c3 |         f9 |   4680
  15280000 |      340 |         b7 |         c9 |   5107
  15310000 |      341 |         b7 |         27 |   9122
  15340000 |      342 |         77 |         0d |   6275
  15370000 |      343 |         a6 |         fb |   7822
  15400000 |      344 |         67 |         d6 |   8272
  15430000 |      345 |         61 |         07 |   3946
  15460000 |      346 |         49 |         f0 |   4625
  15490000 |      347 |         27 |         02 |   3457
  15520000 |      348 |         87 |         00 |   3535
  15550000 |      349 |         87 |         1a |   3535
  15580000 |      350 |         27 |         fb |    389
  15610000 |      351 |         d9 |         04 |    194
  15640000 |      352 |         d9 |         0f |     38
  15670000 |      353 |         31 |         f8 |   -547
  15700000 |      354 |         b8 |         32 |   -939
  15730000 |      355 |         ff |         1c |  -4539
  15760000 |      356 |         2b |         03 |  -4567
  15790000 |      357 |         40 |         c4 |  -4438
  15820000 |      358 |         ff |         1e |  -8278
  15850000 |      359 |         2b |         0b |  -8308
  15880000 |      360 |         c9 |         f6 |  -7835
  15910000 |      361 |         c9 |         90 |  -7285
  15940000 |      362 |         7b |         eb |  -1125
  15970000 |      363 |         e8 |         db |  -3708
  16000000 |      364 |         e8 |         d7 |  -2820
  16030000 |      365 |         39 |         09 |  -1836
  16060000 |      366 |         e8 |         e6 |  -1323
  16090000 |      367 |         20 |         d4 |   -699
  16120000 |      368 |         ee |         f3 |  -2107
  16150000 |      369 |         6f |         ca |  -1873
  16180000 |      370 |         8f |         15 |  -7867
  16210000 |      371 |         9e |         de | -10240
  16240000 |      372 |         8f |         d0 |  -6908
  16270000 |      373 |         8f |         b3 |  -1484
  16300000 |      374 |         09 |         f5 |   7217
  16330000 |      375 |         35 |         e6 |   7118
  16360000 |      376 |         35 |         dd |   5740
  16390000 |      377 |         09 |         9c |   3885
  16420000 |      378 |         4b |         da |   2985
  16450000 |      379 |         f9 |         0d |    135
  16480000 |      380 |         f9 |         eb |     44
  16510000 |      381 |         4b |         c7 |    191
  16540000 |      382 |         f9 |         14 |  -4084
  16570000 |      383 |         f9 |         0b |  -4224
  16600000 |      384 |         e6 |         0e |  -4301
  16630000 |      385 |         e6 |         1f |  -4665
  16660000 |      386 |         3a |         36 |  -5471
  16690000 |      387 |         7b |         05 |  -2339
  16720000 |      388 |         21 |         25 |  -1724
  16750000 |      389 |         81 |         f2 |   -503
  16780000 |      390 |         fd |         10 |   1275
  16810000 |      391 |         87 |         11 |   1227
  16840000 |      392 |         81 |         fe |   -830
  16870000 |      393 |         fd |         00 |   -576
  16900000 |      394 |         fa |         08 |   -576
  16930000 |      395 |         fa |         f6 |   -624
  16960000 |      396 |         7e |         02 |   -564
  16990000 |      397 |         c5 |         fb |   -312
  17020000 |      398 |         55 |         0f |    -17
  17050000 |      399 |         7e |         f4 |   1258
  17080000 |      400 |         2b |         8e |   -254
  17110000 |      401 |         4c |         1d |  -5156
  17140000 |      402 |         5e |         05 |  -2952
  17170000 |      403 |         2b |         0c |  -2482
  17200000 |      404 |         4c |         c7 |  -1966
  17230000 |      405 |         09 |         05 |  -6298
  17260000 |      406 |         e7 |         02 |  -6253
  17290000 |      407 |         e7 |         04 |  -6303
  17320000 |      408 |         e1 |         e4 |  -6403
  17350000 |      409 |         e7 |         08 |  -5535
  17380000 |      410 |         e7 |         11 |  -5735
  17410000 |      411 |         73 |         12 |  -6160
  17440000 |      412 |         e0 |         19 |  -4090
  17470000 |      413 |         b8 |         cf |  -4890
  17500000 |      414 |         46 |         09 |  -1362
  17530000 |      415 |         36 |         ff |   -732
  17560000 |      416 |         36 |         3b |   -786
  17590000 |      417 |         2b |         ec |   2400
  17620000 |      418 |         a9 |         ff |   1540
  17650000 |      419 |         a9 |         f9 |   1627
  17680000 |      420 |         2b |         20 |   2236
  17710000 |      421 |         68 |         dc |   3612
  17740000 |      422 |         a4 |         0c |   -132
  17770000 |      423 |         9c |         f4 |  -1236
  17800000 |      424 |         9c |         28 |    -36
  17830000 |      425 |         4b |         1e |  -4036
  17860000 |      426 |         9c |         f0 |  -1786
  17890000 |      427 |         d3 |         e1 |   -186
  17920000 |      428 |         d3 |         6c |   1209
  17950000 |      429 |         b6 |         db |  -3651
  17980000 |      430 |         e0 |         f5 |   -913
  18010000 |      431 |         aa |         e5 |   -561
  18040000 |      432 |         3c |         15 |   1761
  18070000 |      433 |         7d |         d0 |   3021
  18100000 |      434 |         fc |         05 |  -2979
  18130000 |      435 |         3c |         f6 |  -2999
  18160000 |      436 |         2f |         e4 |  -3599
  18190000 |      437 |         2f |         39 |  -4915
  18220000 |      438 |         a6 |         0b |  -2236
  18250000 |      439 |         6a |         ff |  -3226
  18280000 |      440 |         6a |         13 |  -3332
  18310000 |      441 |         01 |         ea |  -1318
  18340000 |      442 |         d7 |         f1 |  -1340
  18370000 |      443 |         d7 |         0c |   -725
  18400000 |      444 |         01 |         f5 |  -1217
  18430000 |      445 |         d7 |         fc |  -1228
  18460000 |      446 |         d7 |         0f |  -1064
  18490000 |      447 |         b9 |         11 |  -1679
  18520000 |      448 |         3a |         b4 |  -2886
  18550000 |      449 |         7d |         02 |  -7294
  18580000 |      450 |         43 |         09 |  -7044
  18610000 |      451 |         43 |         0d |  -6441
  18640000 |      452 |         dd |         b7 |  -5570
  18670000 |      453 |         65 |         e1 |  -3015
  18700000 |      454 |         77 |         fc |  -6146
  18730000 |      455 |         47 |         02 |  -6622
  18760000 |      456 |         c4 |         f5 |  -6480
  18790000 |      457 |         c4 |         fb |  -5820
  18820000 |      458 |         1f |         fe |  -5520
  18850000 |      459 |         16 |         f3 |  -5582
  18880000 |      460 |         16 |         80 |  -5868
  18910000 |      461 |         30 |         f2 |  -8684
  18940000 |      462 |         16 |         0a |  -9356
  18970000 |      463 |         16 |         0c |  -9136
  19000000 |      464 |         b7 |         a1 |  -8872
  19030000 |      465 |         c1 |         07 |  -1937
  19060000 |      466 |         8e |         10 |  -2378
  19090000 |      467 |         8e |         0e |  -4202
  19120000 |      468 |         36 |         db |  -5798
  19150000 |      469 |         6f |         05 |  -7796
  19180000 |      470 |         c2 |         0e |  -7241
  19210000 |      471 |         95 |         0b |  -8109
  19240000 |      472 |         99 |         64 |  -9286
  19270000 |      473 |         e5 |         ee | -19586
  19300000 |      474 |         2e |         fb | -19100
  19330000 |      475 |         4d |         ec | -19330
  19360000 |      476 |         2e |         fc | -20870
  19390000 |      477 |         0e |         c3 | -21054
  19420000 |      478 |         96 |         f4 | -21908
  19450000 |      479 |         d2 |         fc | -20636
  19480000 |      480 |         0e |         50 | -20452
  19510000 |      481 |         eb |         d4 | -19332
  19540000 |      482 |         35 |         f2 | -18408
  19570000 |      483 |         9c |         17 | -19150
  19600000 |      484 |         db |         59 | -21450
  19630000 |      485 |         35 |         33 | -24743
  19660000 |      486 |         3e |         fc | -22040
  19690000 |      487 |         78 |         de | -22288
  19720000 |      488 |         78 |         ca | -26368
  19750000 |      489 |         e9 |         0a |  32688
  19780000 |      490 |         e9 |         2f |  32458
  19810000 |      491 |         c1 |         df |  31377
  19840000 |      492 |         f0 |         e7 | -32080
  19870000 |      493 |         ea |         b3 | -31680
  19900000 |      494 |         4f |         23 | -29986
  19930000 |      495 |         15 |         0d | -27221
  19960000 |      496 |         2e |         4d | -26948
  19990000 |      497 |         39 |         30 | -23406
  20020000 |      498 |         fb |         e5 | -20670
  20050000 |      499 |         4e |         0b | -20535
  20080000 |      500 |         4e |         22 | -19677
  20110000 |      501 |         fb |         db | -17025
--------------------------------------------------
SCORE FINAL APOS BIAS: -16840
--------------------------------------------------
