0025
0000
0000
0000
0014
0000
0000
0000
082d
0000
0000
0017
133d
0000
0000
0000
128a
0000
0000
0000
1388
0000
0000
0000
1223
0000
0406
0000
061d
0192
0858
0000
0000
01cc
096e
0000
0000
05de
0830
0000
0673
0411
0337
0000
054a
0000
0345
07fc
0622
0000
0000
090e
0000
0000
0000
012f
0000
0000
0000
0138
0033
0000
0000
0000
0000
0000
0000
0000
08ae
07f6
0000
0000
104d
05a8
0000
0000
0bb3
0000
06a9
0000
0000
0000
07b5
0000
0000
0000
07fe
0000
0000
0000
0514
0000
0081
0000
0443
0000
009d
0268
0701
0000
0000
06ef
0754
0000
0000
0365
09f6
0352
0aaa
0000
0000
0a7f
0085
0000
0000
01ab
0000
0000
0000
017d
0000
0000
0000
0000
0038
0000
0000
0023
0dfb
1166
0000
0000
12ed
0478
07a7
0000
0000
0000
0500
0000
008d
0000
005d
0000
00a5
0000
0000
0000
012b
0000
0000
0000
023f
0000
0000
0000
011d
0000
0000
0000
0049
0000
02d6
0000
041f
087d
0031
0000
114d
0000
0000
0996
13e1
0000
0000
099e
0000
0000
0000
0200
0000
0000
0000
0000
0000
0000
0037
0162
0f7b
12ea
0000
0000
0802
0000
05bc
0000
011f
0000
0000
0000
0156
0000
0000
0000
019b
0000
0000
0000
0119
0000
0000
0000
02ce
0000
0000
0000
033b
0000
0000
0000
02b4
0000
0000
0000
0a2f
0cb3
0000
0000
0847
0000
0239
0000
02bd
0000
0c0e
0ad7
0000
0000
0000
0271
0086
0000
0000
001b
0000
0000
0000
0151
02b1
1ad1
000c
0000
0000
0000
1338
0000
1124
0000
0000
0000
163c
0000
0000
0000
122b
0000
0000
0000
05ba
0000
0000
0000
0c3f
0000
0000
0000
1174
0000
0000
0000
12e5
0000
0000
0000
0c68
0c07
0000
0000
05f8
0000
143e
0000
0000
0000
0c6b
0a0c
0000
0000
0000
02f1
00db
0000
0000
008f
0000
0000
0000
0190
0000
1674
0000
0160
00d3
058b
1157
0000
084b
0323
0277
0000
0f54
0000
01c5
0000
0a30
0000
00b7
0000
02c1
0000
0000
0000
0984
00b8
0000
0000
042c
0000
00e5
0000
0867
0000
05a3
0000
0000
0a36
0328
0000
0000
0204
18ee
0550
0000
0000
01aa
0e44
0000
0000
0000
02db
0000
0000
0000
00a2
0000
0000
0000
01a1
02b0
0000
0000
00ee
0ceb
05b9
0000
0000
0648
041c
066f
0000
0198
02f0
0b74
0000
0000
0000
0bc9
0000
0000
02e5
00a6
0000
01d1
06b9
062a
0000
0268
03b9
0837
0000
0061
0000
0785
0000
04c8
0b34
019b
0000
06a8
03ba
16c0
05dc
0000
0000
0000
0e46
0000
0000
0000
031a
0000
0000
0000
00e7
0000
0000
0000
01cd
0000
0000
0000
0233
05e0
0884
03d5
0000
0163
0000
023a
0000
0000
0000
062d
0000
0000
0000
06af
0000
0019
0000
0000
0000
0191
0030
055f
0000
0000
0000
06b4
0000
0000
0000
05cc
0000
0000
032a
023e
0000
0000
0000
1788
098e
0000
0000
01ad
09d6
0000
0000
0000
0322
0000
0000
0000
00de
0000
0000
0000
01e2
0000
0000
0000
0266
094a
0a8e
00f7
0000
02fe
0000
0000
0000
02b2
0000
0000
0000
0e5b
024f
0000
0000
0f05
0000
0000
0000
0986
0000
0000
0000
02b9
0000
0000
0000
0007
0000
0058
0000
02f2
0000
0000
0000
0000
0000
0eb5
0b6c
0000
0000
0000
0398
0014
0000
0000
0380
006e
0000
0000
00f5
0000
0000
0000
01c7
0000
0000
0000
0293
0c4c
0c55
0000
0000
048e
0000
0000
0000
057c
0000
0000
0000
04d2
02f3
04fa
0000
04bf
0000
0000
0000
0450
0000
0000
0000
022d
0000
0000
0000
00e6
0000
0000
0000
045d
0000
096d
01ba
0000
0000
0704
0b12
0000
0000
0000
034f
0000
0000
0000
0365
00ee
0000
0000
00d8
0000
0000
0000
01a3
0000
0000
0000
0230
0205
0e77
011e
0000
03b6
0000
0637
0000
0659
0000
0000
0000
087a
0000
0000
0000
081a
0000
0000
0000
0691
0000
0000
0000
0491
0000
0000
0000
0467
0000
0000
0000
049b
0000
128b
02be
0000
0000
003b
0c50
009b
0000
0000
03e5
0093
0000
0000
0360
0096
0000
0000
0098
000f
0000
0000
0198
00b1
0000
0000
01fc
04b4
100d
0000
0213
0844
0b65
03a5
0000
06cd
0000
0000
0000
053c
0000
0000
0000
06d1
0000
0242
0000
0523
0000
01ae
0000
02e9
0000
0000
0000
0698
0000
0842
0000
0000
0000
0ced
0966
0000
0000
0192
05b4
00cb
0000
0000
0330
0000
0000
0000
036e
0141
0000
0000
0091
00c0
0000
0000
011a
0000
0000
0000
0179
0951
0000
0000
01e4
1877
0dab
00f1
0000
0104
0000
0000
0000
0492
0000
0000
0000
03c6
0000
0253
0000
04a6
0000
0000
0000
05a9
0000
0000
0000
0178
0000
103d
065c
0905
0000
0957
0aa3
0000
0000
0000
03b8
0000
0000
0000
0358
00b1
0000
0000
0323
01db
0000
0000
005a
048c
0000
0000
011a
21f4
0000
0000
01a0
2bbd
08a1
0000
007c
1fa0
0000
0000
0000
04f2
03dc
0000
0000
10a3
0000
01eb
0000
0e98
0000
0000
0000
0eb5
0000
0215
0000
0a55
0000
06f8
0000
0706
0a7e
04e0
0080
0f94
0000
0011
10a1
1193
0000
0000
079f
0000
0000
0000
036a
0049
0000
0000
0330
2342
0000
0000
0000
2a2a
0000
0000
0000
2b05
0000
0079
0000
15a1
08e2
0000
0000
09fc
0000
0000
0000
04da
02b3
0000
0000
0000
0000
064c
0000
0000
0000
03ea
0000
0000
0000
0929
0000
0036
0000
042d
0000
0c3c
14b3
0000
0000
13f6
0031
04fe
0a02
0f62
0000
0000
1070
00dc
0000
0000
037b
004a
0000
0000
02f9
