0.0022583007812500
0.0000000000000000
0.0000000000000000
0.0000000000000000
0.0012207031250000
0.0000000000000000
0.0000000000000000
0.0000000000000000
0.1277465820312500
0.0000000000000000
0.0000000000000000
0.0014038085937500
0.3005981445312500
0.0000000000000000
0.0000000000000000
0.0000000000000000
0.2896728515625000
0.0000000000000000
0.0000000000000000
0.0000000000000000
0.3051757812500000
0.0000000000000000
0.0000000000000000
0.0000000000000000
0.2833862304687500
0.0000000000000000
0.0628662109375000
0.0000000000000000
0.0955200195312500
0.0245361328125000
0.1303710937500000
0.0000000000000000
0.0000000000000000
0.0280761718750000
0.1473388671875000
0.0000000000000000
0.0000000000000000
0.0916748046875000
0.1279296875000000
0.0000000000000000
0.1007690429687500
0.0635375976562500
0.0502319335937500
0.0000000000000000
0.0826416015625000
0.0000000000000000
0.0510864257812500
0.1247558593750000
0.0958251953125000
0.0000000000000000
0.0000000000000000
0.1414794921875000
0.0000000000000000
0.0000000000000000
0.0000000000000000
0.0184936523437500
0.0000000000000000
0.0000000000000000
0.0000000000000000
0.0190429687500000
0.0031127929687500
0.0000000000000000
0.0000000000000000
0.0000000000000000
0.0000000000000000
0.0000000000000000
0.0000000000000000
0.0000000000000000
0.1356201171875000
0.1243896484375000
0.0000000000000000
0.0000000000000000
0.2546997070312500
0.0883789062500000
0.0000000000000000
0.0000000000000000
0.1828002929687500
0.0000000000000000
0.1040649414062500
0.0000000000000000
0.0000000000000000
0.0000000000000000
0.1204223632812500
0.0000000000000000
0.0000000000000000
0.0000000000000000
0.1248779296875000
0.0000000000000000
0.0000000000000000
0.0000000000000000
0.0793457031250000
0.0000000000000000
0.0078735351562500
0.0000000000000000
0.0665893554687500
0.0000000000000000
0.0095825195312500
0.0375976562500000
0.1094360351562500
0.0000000000000000
0.0000000000000000
0.1083374023437500
0.1145019531250000
0.0000000000000000
0.0000000000000000
0.0530395507812500
0.1556396484375000
0.0518798828125000
0.1666259765625000
0.0000000000000000
0.0000000000000000
0.1640014648437500
0.0081176757812500
0.0000000000000000
0.0000000000000000
0.0260620117187500
0.0000000000000000
0.0000000000000000
0.0000000000000000
0.0232543945312500
0.0000000000000000
0.0000000000000000
0.0000000000000000
0.0000000000000000
0.0034179687500000
0.0000000000000000
0.0000000000000000
0.0021362304687500
0.2184448242187500
0.2718505859375000
0.0000000000000000
0.0000000000000000
0.2957153320312500
0.0698242187500000
0.1195678710937500
0.0000000000000000
0.0000000000000000
0.0000000000000000
0.0781250000000000
0.0000000000000000
0.0086059570312500
0.0000000000000000
0.0056762695312500
0.0000000000000000
0.0100708007812500
0.0000000000000000
0.0000000000000000
0.0000000000000000
0.0182495117187500
0.0000000000000000
0.0000000000000000
0.0000000000000000
0.0350952148437500
0.0000000000000000
0.0000000000000000
0.0000000000000000
0.0173950195312500
0.0000000000000000
0.0000000000000000
0.0000000000000000
0.0044555664062500
0.0000000000000000
0.0443115234375000
0.0000000000000000
0.0643920898437500
0.1326293945312500
0.0029907226562500
0.0000000000000000
0.2703247070312500
0.0000000000000000
0.0000000000000000
0.1497802734375000
0.3106079101562500
0.0000000000000000
0.0000000000000000
0.1502685546875000
0.0000000000000000
0.0000000000000000
0.0000000000000000
0.0312500000000000
0.0000000000000000
0.0000000000000000
0.0000000000000000
0.0000000000000000
0.0000000000000000
0.0000000000000000
0.0033569335937500
0.0216064453125000
0.2418823242187500
0.2955322265625000
0.0000000000000000
0.0000000000000000
0.1251220703125000
0.0000000000000000
0.0895996093750000
0.0000000000000000
0.0175170898437500
0.0000000000000000
0.0000000000000000
0.0000000000000000
0.0208740234375000
0.0000000000000000
0.0000000000000000
0.0000000000000000
0.0250854492187500
0.0000000000000000
0.0000000000000000
0.0000000000000000
0.0171508789062500
0.0000000000000000
0.0000000000000000
0.0000000000000000
0.0438232421875000
0.0000000000000000
0.0000000000000000
0.0000000000000000
0.0504760742187500
0.0000000000000000
0.0000000000000000
0.0000000000000000
0.0422363281250000
0.0000000000000000
0.0000000000000000
0.0000000000000000
0.1591186523437500
0.1984252929687500
0.0000000000000000
0.0000000000000000
0.1293334960937500
0.0000000000000000
0.0347290039062500
0.0000000000000000
0.0427856445312500
0.0000000000000000
0.1883544921875000
0.1693725585937500
0.0000000000000000
0.0000000000000000
0.0000000000000000
0.0381469726562500
0.0081787109375000
0.0000000000000000
0.0000000000000000
0.0016479492187500
0.0000000000000000
0.0000000000000000
0.0000000000000000
0.0205688476562500
0.0420532226562500
0.4190063476562500
0.0007324218750000
0.0000000000000000
0.0000000000000000
0.0000000000000000
0.3002929687500000
0.0000000000000000
0.2678222656250000
0.0000000000000000
0.0000000000000000
0.0000000000000000
0.3474121093750000
0.0000000000000000
0.0000000000000000
0.0000000000000000
0.2838745117187500
0.0000000000000000
0.0000000000000000
0.0000000000000000
0.0894775390625000
0.0000000000000000
0.0000000000000000
0.0000000000000000
0.1913452148437500
0.0000000000000000
0.0000000000000000
0.0000000000000000
0.2727050781250000
0.0000000000000000
0.0000000000000000
0.0000000000000000
0.2952270507812500
0.0000000000000000
0.0000000000000000
0.0000000000000000
0.1938476562500000
0.1879272460937500
0.0000000000000000
0.0000000000000000
0.0932617187500000
0.0000000000000000
0.3162841796875000
0.0000000000000000
0.0000000000000000
0.0000000000000000
0.1940307617187500
0.1569824218750000
0.0000000000000000
0.0000000000000000
0.0000000000000000
0.0459594726562500
0.0133666992187500
0.0000000000000000
0.0000000000000000
0.0087280273437500
0.0000000000000000
0.0000000000000000
0.0000000000000000
0.0244140625000000
0.0000000000000000
0.3508300781250000
0.0000000000000000
0.0214843750000000
0.0128784179687500
0.0866088867187500
0.2709350585937500
0.0000000000000000
0.1295776367187500
0.0490112304687500
0.0385131835937500
0.0000000000000000
0.2395019531250000
0.0000000000000000
0.0276489257812500
0.0000000000000000
0.1591796875000000
0.0000000000000000
0.0111694335937500
0.0000000000000000
0.0430297851562500
0.0000000000000000
0.0000000000000000
0.0000000000000000
0.1486816406250000
0.0112304687500000
0.0000000000000000
0.0000000000000000
0.0651855468750000
0.0000000000000000
0.0139770507812500
0.0000000000000000
0.1312866210937500
0.0000000000000000
0.0880737304687500
0.0000000000000000
0.0000000000000000
0.1595458984375000
0.0493164062500000
0.0000000000000000
0.0000000000000000
0.0314941406250000
0.3895263671875000
0.0830078125000000
0.0000000000000000
0.0000000000000000
0.0260009765625000
0.2229003906250000
0.0000000000000000
0.0000000000000000
0.0000000000000000
0.0446166992187500
0.0000000000000000
0.0000000000000000
0.0000000000000000
0.0098876953125000
0.0000000000000000
0.0000000000000000
0.0000000000000000
0.0254516601562500
0.0419921875000000
0.0000000000000000
0.0000000000000000
0.0145263671875000
0.2018432617187500
0.0894165039062500
0.0000000000000000
0.0000000000000000
0.0981445312500000
0.0642089843750000
0.1005249023437500
0.0000000000000000
0.0249023437500000
0.0458984375000000
0.1789550781250000
0.0000000000000000
0.0000000000000000
0.0000000000000000
0.1841430664062500
0.0000000000000000
0.0000000000000000
0.0452270507812500
0.0101318359375000
0.0000000000000000
0.0283813476562500
0.1050415039062500
0.0963134765625000
0.0000000000000000
0.0375976562500000
0.0581665039062500
0.1283569335937500
0.0000000000000000
0.0059204101562500
0.0000000000000000
0.1174926757812500
0.0000000000000000
0.0747070312500000
0.1750488281250000
0.0250854492187500
0.0000000000000000
0.1040039062500000
0.0582275390625000
0.3554687500000000
0.0915527343750000
0.0000000000000000
0.0000000000000000
0.0000000000000000
0.2230224609375000
0.0000000000000000
0.0000000000000000
0.0000000000000000
0.0484619140625000
0.0000000000000000
0.0000000000000000
0.0000000000000000
0.0140991210937500
0.0000000000000000
0.0000000000000000
0.0000000000000000
0.0281372070312500
0.0000000000000000
0.0000000000000000
0.0000000000000000
0.0343627929687500
0.0917968750000000
0.1330566406250000
0.0598754882812500
0.0000000000000000
0.0216674804687500
0.0000000000000000
0.0347900390625000
0.0000000000000000
0.0000000000000000
0.0000000000000000
0.0964965820312500
0.0000000000000000
0.0000000000000000
0.0000000000000000
0.1044311523437500
0.0000000000000000
0.0015258789062500
0.0000000000000000
0.0000000000000000
0.0000000000000000
0.0244750976562500
0.0029296875000000
0.0839233398437500
0.0000000000000000
0.0000000000000000
0.0000000000000000
0.1047363281250000
0.0000000000000000
0.0000000000000000
0.0000000000000000
0.0905761718750000
0.0000000000000000
0.0000000000000000
0.0494384765625000
0.0350341796875000
0.0000000000000000
0.0000000000000000
0.0000000000000000
0.3676757812500000
0.1492919921875000
0.0000000000000000
0.0000000000000000
0.0261840820312500
0.1536865234375000
0.0000000000000000
0.0000000000000000
0.0000000000000000
0.0489501953125000
0.0000000000000000
0.0000000000000000
0.0000000000000000
0.0135498046875000
0.0000000000000000
0.0000000000000000
0.0000000000000000
0.0294189453125000
0.0000000000000000
0.0000000000000000
0.0000000000000000
0.0374755859375000
0.1451416015625000
0.1649169921875000
0.0150756835937500
0.0000000000000000
0.0467529296875000
0.0000000000000000
0.0000000000000000
0.0000000000000000
0.0421142578125000
0.0000000000000000
0.0000000000000000
0.0000000000000000
0.2243041992187500
0.0360717773437500
0.0000000000000000
0.0000000000000000
0.2346801757812500
0.0000000000000000
0.0000000000000000
0.0000000000000000
0.1488037109375000
0.0000000000000000
0.0000000000000000
0.0000000000000000
0.0425415039062500
0.0000000000000000
0.0000000000000000
0.0000000000000000
0.0004272460937500
0.0000000000000000
0.0053710937500000
0.0000000000000000
0.0460205078125000
0.0000000000000000
0.0000000000000000
0.0000000000000000
0.0000000000000000
0.0000000000000000
0.2297973632812500
0.1784667968750000
0.0000000000000000
0.0000000000000000
0.0000000000000000
0.0561523437500000
0.0012207031250000
0.0000000000000000
0.0000000000000000
0.0546875000000000
0.0067138671875000
0.0000000000000000
0.0000000000000000
0.0149536132812500
0.0000000000000000
0.0000000000000000
0.0000000000000000
0.0277709960937500
0.0000000000000000
0.0000000000000000
0.0000000000000000
0.0402221679687500
0.1921386718750000
0.1926879882812500
0.0000000000000000
0.0000000000000000
0.0711669921875000
0.0000000000000000
0.0000000000000000
0.0000000000000000
0.0856933593750000
0.0000000000000000
0.0000000000000000
0.0000000000000000
0.0753173828125000
0.0460815429687500
0.0777587890625000
0.0000000000000000
0.0741577148437500
0.0000000000000000
0.0000000000000000
0.0000000000000000
0.0673828125000000
0.0000000000000000
0.0000000000000000
0.0000000000000000
0.0339965820312500
0.0000000000000000
0.0000000000000000
0.0000000000000000
0.0140380859375000
0.0000000000000000
0.0000000000000000
0.0000000000000000
0.0681762695312500
0.0000000000000000
0.1472778320312500
0.0269775390625000
0.0000000000000000
0.0000000000000000
0.1096191406250000
0.1729736328125000
0.0000000000000000
0.0000000000000000
0.0000000000000000
0.0516967773437500
0.0000000000000000
0.0000000000000000
0.0000000000000000
0.0530395507812500
0.0145263671875000
0.0000000000000000
0.0000000000000000
0.0131835937500000
0.0000000000000000
0.0000000000000000
0.0000000000000000
0.0255737304687500
0.0000000000000000
0.0000000000000000
0.0000000000000000
0.0341796875000000
0.0315551757812500
0.2260131835937500
0.0174560546875000
0.0000000000000000
0.0579833984375000
0.0000000000000000
0.0971069335937500
0.0000000000000000
0.0991821289062500
0.0000000000000000
0.0000000000000000
0.0000000000000000
0.1324462890625000
0.0000000000000000
0.0000000000000000
0.0000000000000000
0.1265869140625000
0.0000000000000000
0.0000000000000000
0.0000000000000000
0.1026000976562500
0.0000000000000000
0.0000000000000000
0.0000000000000000
0.0713500976562500
0.0000000000000000
0.0000000000000000
0.0000000000000000
0.0687866210937500
0.0000000000000000
0.0000000000000000
0.0000000000000000
0.0719604492187500
0.0000000000000000
0.2897338867187500
0.0428466796875000
0.0000000000000000
0.0000000000000000
0.0036010742187500
0.1923828125000000
0.0094604492187500
0.0000000000000000
0.0000000000000000
0.0608520507812500
0.0089721679687500
0.0000000000000000
0.0000000000000000
0.0527343750000000
0.0091552734375000
0.0000000000000000
0.0000000000000000
0.0092773437500000
0.0009155273437500
0.0000000000000000
0.0000000000000000
0.0249023437500000
0.0108032226562500
0.0000000000000000
0.0000000000000000
0.0310058593750000
0.0734863281250000
0.2507934570312500
0.0000000000000000
0.0324096679687500
0.1291503906250000
0.1780395507812500
0.0569458007812500
0.0000000000000000
0.1062622070312500
0.0000000000000000
0.0000000000000000
0.0000000000000000
0.0817871093750000
0.0000000000000000
0.0000000000000000
0.0000000000000000
0.1065063476562500
0.0000000000000000
0.0352783203125000
0.0000000000000000
0.0802612304687500
0.0000000000000000
0.0262451171875000
0.0000000000000000
0.0454711914062500
0.0000000000000000
0.0000000000000000
0.0000000000000000
0.1030273437500000
0.0000000000000000
0.1290283203125000
0.0000000000000000
0.0000000000000000
0.0000000000000000
0.2019653320312500
0.1468505859375000
0.0000000000000000
0.0000000000000000
0.0245361328125000
0.0891113281250000
0.0123901367187500
0.0000000000000000
0.0000000000000000
0.0498046875000000
0.0000000000000000
0.0000000000000000
0.0000000000000000
0.0535888671875000
0.0195922851562500
0.0000000000000000
0.0000000000000000
0.0088500976562500
0.0117187500000000
0.0000000000000000
0.0000000000000000
0.0172119140625000
0.0000000000000000
0.0000000000000000
0.0000000000000000
0.0230102539062500
0.1455688476562500
0.0000000000000000
0.0000000000000000
0.0295410156250000
0.3822631835937500
0.2135620117187500
0.0147094726562500
0.0000000000000000
0.0158691406250000
0.0000000000000000
0.0000000000000000
0.0000000000000000
0.0714111328125000
0.0000000000000000
0.0000000000000000
0.0000000000000000
0.0589599609375000
0.0000000000000000
0.0363159179687500
0.0000000000000000
0.0726318359375000
0.0000000000000000
0.0000000000000000
0.0000000000000000
0.0884399414062500
0.0000000000000000
0.0000000000000000
0.0000000000000000
0.0229492187500000
0.0000000000000000
0.2537231445312500
0.0993652343750000
0.1409301757812500
0.0000000000000000
0.1459350585937500
0.1661987304687500
0.0000000000000000
0.0000000000000000
0.0000000000000000
0.0581054687500000
0.0000000000000000
0.0000000000000000
0.0000000000000000
0.0522460937500000
0.0108032226562500
0.0000000000000000
0.0000000000000000
0.0490112304687500
0.0289916992187500
0.0000000000000000
0.0000000000000000
0.0054931640625000
0.0710449218750000
0.0000000000000000
0.0000000000000000
0.0172119140625000
0.5305175781250000
0.0000000000000000
0.0000000000000000
0.0253906250000000
0.6834106445312500
0.1348266601562500
0.0000000000000000
0.0075683593750000
0.4941406250000000
0.0000000000000000
0.0000000000000000
0.0000000000000000
0.0772705078125000
0.0603027343750000
0.0000000000000000
0.0000000000000000
0.2599487304687500
0.0000000000000000
0.0299682617187500
0.0000000000000000
0.2280273437500000
0.0000000000000000
0.0000000000000000
0.0000000000000000
0.2297973632812500
0.0000000000000000
0.0325317382812500
0.0000000000000000
0.1614379882812500
0.0000000000000000
0.1088867187500000
0.0000000000000000
0.1097412109375000
0.1639404296875000
0.0761718750000000
0.0078125000000000
0.2434082031250000
0.0000000000000000
0.0010375976562500
0.2598266601562500
0.2745971679687500
0.0000000000000000
0.0000000000000000
0.1190795898437500
0.0000000000000000
0.0000000000000000
0.0000000000000000
0.0533447265625000
0.0044555664062500
0.0000000000000000
0.0000000000000000
0.0498046875000000
0.5509033203125000
0.0000000000000000
0.0000000000000000
0.0000000000000000
0.6588134765625000
0.0000000000000000
0.0000000000000000
0.0000000000000000
0.6721801757812500
0.0000000000000000
0.0073852539062500
0.0000000000000000
0.3379516601562500
0.1387939453125000
0.0000000000000000
0.0000000000000000
0.1560058593750000
0.0000000000000000
0.0000000000000000
0.0000000000000000
0.0758056640625000
0.0421752929687500
0.0000000000000000
0.0000000000000000
0.0000000000000000
0.0000000000000000
0.0983886718750000
0.0000000000000000
0.0000000000000000
0.0000000000000000
0.0611572265625000
0.0000000000000000
0.0000000000000000
0.0000000000000000
0.1431274414062500
0.0000000000000000
0.0032958984375000
0.0000000000000000
0.0652465820312500
0.0000000000000000
0.1911621093750000
0.3234252929687500
0.0000000000000000
0.0000000000000000
0.3118896484375000
0.0029907226562500
0.0780029296875000
0.1563720703125000
0.2403564453125000
0.0000000000000000
0.0000000000000000
0.2568359375000000
0.0134277343750000
0.0000000000000000
0.0000000000000000
0.0543823242187500
0.0045166015625000
0.0000000000000000
0.0000000000000000
0.0464477539062500
