0.0000000000000000 0.0000000000000000 0.0000000000000000 0.0000000000000000
0.0000000000000000 0.0000000000000000 0.0000000000000000 0.0000000000000000
0.0000000000000000 0.0000000000000000 0.0000000000000000 0.0000000000000000
0.0000000000000000 0.0000000000000000 0.0000000000000000 0.0000000000000000
0.0016479492187500 0.0000000000000000 0.0000000000000000 0.0014038085937500
0.0393066406250000 0.0000000000000000 0.0000000000000000 0.0000000000000000
0.1424560546875000 0.0000000000000000 0.0000000000000000 0.0000000000000000
0.1959228515625000 0.0000000000000000 0.0000000000000000 0.0000000000000000
0.2520141601562500 0.0000000000000000 0.0000000000000000 0.0000000000000000
0.2261962890625000 0.0000000000000000 0.0000000000000000 0.0000000000000000
0.2056274414062500 0.0000000000000000 0.0000000000000000 0.0000000000000000
0.2796020507812500 0.0000000000000000 0.0000000000000000 0.0000000000000000
0.2833862304687500 0.0000000000000000 0.0000000000000000 0.0000000000000000
0.2285766601562500 0.0000000000000000 0.0000000000000000 0.0000000000000000
0.0955200195312500 0.0245361328125000 0.0000000000000000 0.0000000000000000
0.0000000000000000 0.0189208984375000 0.0835571289062500 0.0000000000000000
0.0000000000000000 0.0181274414062500 0.0822143554687500 0.0000000000000000
0.0000000000000000 0.0047607421875000 0.0675659179687500 0.0000000000000000
0.0000000000000000 0.0310058593750000 0.0187377929687500 0.0000000000000000
0.0000000000000000 0.0000000000000000 0.0000000000000000 0.0000000000000000
0.0187377929687500 0.0000000000000000 0.0000000000000000 0.0000000000000000
0.1007690429687500 0.0000000000000000 0.0000000000000000 0.0000000000000000
0.0826416015625000 0.0000000000000000 0.0000000000000000 0.0000000000000000
0.0406494140625000 0.0000000000000000 0.0000000000000000 0.1247558593750000
0.0958251953125000 0.0000000000000000 0.0000000000000000 0.0951538085937500
0.0000000000000000 0.0000000000000000 0.0000000000000000 0.0167236328125000
0.0000000000000000 0.0000000000000000 0.0000000000000000 0.0143432617187500
0.0000000000000000 0.0000000000000000 0.0000000000000000 0.0157470703125000
0.0000000000000000 0.0000000000000000 0.0000000000000000 0.0127563476562500
0.0000000000000000 0.0000000000000000 0.0000000000000000 0.0125122070312500
0.0000000000000000 0.0000000000000000 0.0000000000000000 0.0000000000000000
0.0022583007812500 0.0000000000000000 0.0000000000000000 0.0000000000000000
0.0012207031250000 0.0000000000000000 0.0000000000000000 0.0000000000000000
0.0000000000000000 0.0000000000000000 0.0000000000000000 0.0000000000000000
0.0148925781250000 0.0000000000000000 0.0000000000000000 0.0000000000000000
0.1277465820312500 0.0000000000000000 0.0000000000000000 0.0000000000000000
0.2532348632812500 0.0000000000000000 0.0000000000000000 0.0000000000000000
0.3005981445312500 0.0000000000000000 0.0000000000000000 0.0000000000000000
0.2852172851562500 0.0000000000000000 0.0000000000000000 0.0000000000000000
0.2896728515625000 0.0000000000000000 0.0000000000000000 0.0000000000000000
0.3051757812500000 0.0000000000000000 0.0000000000000000 0.0000000000000000
0.1630859375000000 0.0000000000000000 0.0000000000000000 0.0000000000000000
0.0344848632812500 0.0000000000000000 0.0263061523437500 0.0000000000000000
0.0000000000000000 0.0000000000000000 0.0628662109375000 0.0000000000000000
0.0000000000000000 0.0000000000000000 0.1065063476562500 0.0000000000000000
0.0000000000000000 0.0000000000000000 0.1303710937500000 0.0000000000000000
0.0000000000000000 0.0280761718750000 0.1264648437500000 0.0000000000000000
0.0000000000000000 0.0187988281250000 0.1473388671875000 0.0000000000000000
0.0000000000000000 0.0546264648437500 0.1279296875000000 0.0000000000000000
0.0000000000000000 0.0916748046875000 0.0947875976562500 0.0000000000000000
0.0000000000000000 0.0635375976562500 0.0502319335937500 0.0000000000000000
0.0000000000000000 0.0000000000000000 0.0060424804687500 0.0000000000000000
0.0379638671875000 0.0000000000000000 0.0000000000000000 0.0000000000000000
0.0000000000000000 0.0000000000000000 0.0510864257812500 0.0961914062500000
0.0000000000000000 0.0000000000000000 0.0000000000000000 0.1414794921875000
0.0042114257812500 0.0000000000000000 0.0000000000000000 0.0277099609375000
0.0000000000000000 0.0000000000000000 0.0000000000000000 0.0184936523437500
0.0000000000000000 0.0000000000000000 0.0000000000000000 0.0114746093750000
0.0000000000000000 0.0000000000000000 0.0000000000000000 0.0159301757812500
0.0000000000000000 0.0000000000000000 0.0000000000000000 0.0190429687500000
0.0031127929687500 0.0000000000000000 0.0000000000000000 0.0000000000000000
0.0000000000000000 0.0000000000000000 0.0000000000000000 0.0000000000000000
0.0000000000000000 0.0000000000000000 0.0000000000000000 0.0000000000000000
0.0000000000000000 0.0000000000000000 0.0000000000000000 0.0000000000000000
0.0180053710937500 0.0000000000000000 0.0000000000000000 0.0000000000000000
0.1322631835937500 0.0451660156250000 0.0000000000000000 0.0000000000000000
0.2188110351562500 0.0394897460937500 0.0000000000000000 0.0000000000000000
0.2546997070312500 0.0000000000000000 0.0000000000000000 0.0000000000000000
0.1828002929687500 0.0000000000000000 0.0000000000000000 0.0000000000000000
0.0406494140625000 0.0000000000000000 0.0000000000000000 0.0000000000000000
0.0000000000000000 0.0000000000000000 0.1089477539062500 0.0000000000000000
0.0000000000000000 0.0000000000000000 0.1204223632812500 0.0000000000000000
0.0000000000000000 0.0000000000000000 0.1248779296875000 0.0000000000000000
0.0000000000000000 0.0000000000000000 0.1008911132812500 0.0000000000000000
0.0000000000000000 0.0000000000000000 0.0793457031250000 0.0000000000000000
0.0000000000000000 0.0000000000000000 0.0578613281250000 0.0000000000000000
0.0000000000000000 0.0000000000000000 0.0538330078125000 0.0000000000000000
0.0000000000000000 0.0000000000000000 0.0665893554687500 0.0000000000000000
0.0000000000000000 0.0000000000000000 0.0954589843750000 0.0000000000000000
0.0000000000000000 0.0375976562500000 0.1094360351562500 0.0000000000000000
0.0000000000000000 0.1083374023437500 0.1140136718750000 0.0000000000000000
0.0000000000000000 0.0660400390625000 0.0983886718750000 0.0000000000000000
0.0000000000000000 0.0000000000000000 0.0476684570312500 0.0000000000000000
0.0000000000000000 0.0000000000000000 0.1556396484375000 0.0518798828125000
0.0000000000000000 0.0000000000000000 0.0000000000000000 0.1607666015625000
0.0000000000000000 0.0000000000000000 0.0000000000000000 0.0437011718750000
0.0000000000000000 0.0000000000000000 0.0000000000000000 0.0236816406250000
0.0000000000000000 0.0000000000000000 0.0000000000000000 0.0137939453125000
0.0000000000000000 0.0000000000000000 0.0000000000000000 0.0208129882812500
0.0000000000000000 0.0000000000000000 0.0000000000000000 0.0163574218750000
0.0021362304687500 0.0000000000000000 0.0000000000000000 0.0000000000000000
0.0019531250000000 0.0000000000000000 0.0000000000000000 0.0000000000000000
0.0000000000000000 0.0000000000000000 0.0000000000000000 0.0000000000000000
0.0000000000000000 0.0000000000000000 0.0000000000000000 0.0000000000000000
0.0287475585937500 0.0000000000000000 0.0000000000000000 0.0000000000000000
0.1356201171875000 0.1243896484375000 0.0000000000000000 0.0000000000000000
0.2156982421875000 0.0883789062500000 0.0000000000000000 0.0000000000000000
0.1406860351562500 0.0000000000000000 0.0000000000000000 0.0000000000000000
0.0074462890625000 0.0000000000000000 0.0541992187500000 0.0000000000000000
0.0000000000000000 0.0000000000000000 0.1040649414062500 0.0000000000000000
0.0000000000000000 0.0000000000000000 0.0928344726562500 0.0000000000000000
0.0000000000000000 0.0000000000000000 0.0278320312500000 0.0000000000000000
0.0000000000000000 0.0000000000000000 0.0000000000000000 0.0000000000000000
0.0000000000000000 0.0000000000000000 0.0051269531250000 0.0000000000000000
0.0000000000000000 0.0000000000000000 0.0000000000000000 0.0000000000000000
0.0000000000000000 0.0000000000000000 0.0000000000000000 0.0000000000000000
0.0062866210937500 0.0000000000000000 0.0000000000000000 0.0000000000000000
0.0078735351562500 0.0000000000000000 0.0000000000000000 0.0000000000000000
0.0095825195312500 0.0000000000000000 0.0000000000000000 0.0000000000000000
0.0000000000000000 0.0000000000000000 0.0065917968750000 0.0000000000000000
0.0000000000000000 0.0214233398437500 0.0591430664062500 0.0000000000000000
0.0000000000000000 0.0814819335937500 0.1145019531250000 0.0000000000000000
0.0000000000000000 0.0530395507812500 0.0624389648437500 0.0000000000000000
0.0000000000000000 0.0000000000000000 0.1010131835937500 0.0000000000000000
0.0027465820312500 0.0000000000000000 0.0000000000000000 0.1640014648437500
0.1666259765625000 0.0000000000000000 0.0000000000000000 0.0994873046875000
0.0081176757812500 0.0000000000000000 0.0000000000000000 0.0260620117187500
0.0000000000000000 0.0000000000000000 0.0000000000000000 0.0234985351562500
0.0000000000000000 0.0000000000000000 0.0000000000000000 0.0232543945312500
0.0000000000000000 0.0000000000000000 0.0000000000000000 0.0187988281250000
0.0000000000000000 0.0000000000000000 0.0000000000000000 0.0000000000000000
0.0000000000000000 0.0000000000000000 0.0000000000000000 0.0000000000000000
0.0009765625000000 0.0000000000000000 0.0000000000000000 0.0021362304687500
0.0034179687500000 0.0000000000000000 0.0000000000000000 0.0000000000000000
0.0769042968750000 0.0000000000000000 0.0000000000000000 0.0000000000000000
0.2184448242187500 0.1628417968750000 0.0000000000000000 0.0000000000000000
0.2957153320312500 0.0698242187500000 0.0000000000000000 0.0000000000000000
0.1057739257812500 0.0000000000000000 0.0677490234375000 0.0000000000000000
0.0000000000000000 0.0000000000000000 0.0781250000000000 0.0000000000000000
0.0000000000000000 0.0000000000000000 0.0517578125000000 0.0000000000000000
0.0000000000000000 0.0000000000000000 0.0056762695312500 0.0000000000000000
0.0000000000000000 0.0000000000000000 0.0000000000000000 0.0000000000000000
0.0100708007812500 0.0000000000000000 0.0000000000000000 0.0000000000000000
0.0061645507812500 0.0000000000000000 0.0000000000000000 0.0000000000000000
0.0073852539062500 0.0000000000000000 0.0000000000000000 0.0000000000000000
0.0144653320312500 0.0000000000000000 0.0000000000000000 0.0000000000000000
0.0236206054687500 0.0000000000000000 0.0000000000000000 0.0000000000000000
0.0350952148437500 0.0000000000000000 0.0000000000000000 0.0000000000000000
0.0173950195312500 0.0000000000000000 0.0000000000000000 0.0000000000000000
0.0000000000000000 0.0000000000000000 0.0000000000000000 0.0000000000000000
0.0000000000000000 0.0000000000000000 0.0000000000000000 0.0000000000000000
0.0000000000000000 0.0000000000000000 0.0443115234375000 0.0000000000000000
0.0000000000000000 0.1252441406250000 0.0000000000000000 0.0000000000000000
0.0012817382812500 0.0000000000000000 0.0029907226562500 0.0000000000000000
0.0707397460937500 0.0000000000000000 0.0000000000000000 0.0685424804687500
0.2703247070312500 0.0000000000000000 0.0000000000000000 0.1497802734375000
0.1710205078125000 0.0000000000000000 0.0000000000000000 0.0711059570312500
0.0000000000000000 0.0000000000000000 0.0000000000000000 0.0289916992187500
0.0000000000000000 0.0000000000000000 0.0000000000000000 0.0252075195312500
0.0000000000000000 0.0000000000000000 0.0000000000000000 0.0244750976562500
0.0000000000000000 0.0000000000000000 0.0000000000000000 0.0000000000000000
0.0000000000000000 0.0000000000000000 0.0000000000000000 0.0000000000000000
0.0000000000000000 0.0000000000000000 0.0000000000000000 0.0000000000000000
0.0000000000000000 0.0000000000000000 0.0000000000000000 0.0000000000000000
0.0475463867187500 0.1090087890625000 0.0000000000000000 0.0000000000000000
0.1907958984375000 0.2718505859375000 0.0000000000000000 0.0000000000000000
0.1943359375000000 0.0227050781250000 0.0000000000000000 0.0000000000000000
0.0000000000000000 0.0000000000000000 0.1195678710937500 0.0000000000000000
0.0000000000000000 0.0000000000000000 0.0184936523437500 0.0000000000000000
0.0000000000000000 0.0000000000000000 0.0000000000000000 0.0000000000000000
0.0000000000000000 0.0000000000000000 0.0000000000000000 0.0000000000000000
0.0086059570312500 0.0000000000000000 0.0000000000000000 0.0000000000000000
0.0045166015625000 0.0000000000000000 0.0000000000000000 0.0000000000000000
0.0062255859375000 0.0000000000000000 0.0000000000000000 0.0000000000000000
0.0049438476562500 0.0000000000000000 0.0000000000000000 0.0000000000000000
0.0182495117187500 0.0000000000000000 0.0000000000000000 0.0000000000000000
0.0002441406250000 0.0000000000000000 0.0000000000000000 0.0000000000000000
0.0000000000000000 0.0000000000000000 0.0000000000000000 0.0000000000000000
0.0000000000000000 0.0000000000000000 0.0000000000000000 0.0000000000000000
0.0000000000000000 0.0000000000000000 0.0000000000000000 0.0000000000000000
0.0044555664062500 0.0000000000000000 0.0000000000000000 0.0000000000000000
0.0032348632812500 0.0000000000000000 0.0000000000000000 0.0000000000000000
0.0180664062500000 0.1326293945312500 0.0000000000000000 0.0000000000000000
0.0643920898437500 0.0891113281250000 0.0000000000000000 0.0000000000000000
0.0537109375000000 0.0000000000000000 0.0000000000000000 0.0000000000000000
0.1464233398437500 0.0000000000000000 0.0000000000000000 0.0991210937500000
0.3106079101562500 0.0000000000000000 0.0000000000000000 0.1502685546875000
0.1826171875000000 0.0000000000000000 0.0000000000000000 0.0725097656250000
0.0000000000000000 0.0000000000000000 0.0000000000000000 0.0312500000000000
0.0000000000000000 0.0000000000000000 0.0000000000000000 0.0272827148437500
0.0000000000000000 0.0000000000000000 0.0000000000000000 0.0000000000000000
0.0000000000000000 0.0000000000000000 0.0000000000000000 0.0000000000000000
0.0000000000000000 0.0000000000000000 0.0033569335937500 0.0036010742187500
0.0000000000000000 0.0000000000000000 0.0000000000000000 0.0102539062500000
0.0584106445312500 0.2043457031250000 0.0000000000000000 0.0000000000000000
0.2157592773437500 0.2955322265625000 0.0000000000000000 0.0000000000000000
0.1251220703125000 0.0000000000000000 0.0817871093750000 0.0000000000000000
0.0000000000000000 0.0000000000000000 0.0895996093750000 0.0000000000000000
0.0000000000000000 0.0000000000000000 0.0000000000000000 0.0000000000000000
0.0000000000000000 0.0000000000000000 0.0000000000000000 0.0000000000000000
0.0104980468750000 0.0000000000000000 0.0000000000000000 0.0000000000000000
0.0000000000000000 0.0000000000000000 0.0000000000000000 0.0000000000000000
0.0010986328125000 0.0000000000000000 0.0000000000000000 0.0000000000000000
0.0133666992187500 0.0000000000000000 0.0000000000000000 0.0000000000000000
0.0106201171875000 0.0000000000000000 0.0000000000000000 0.0000000000000000
0.0000000000000000 0.0000000000000000 0.0000000000000000 0.0000000000000000
0.0046386718750000 0.0000000000000000 0.0000000000000000 0.0000000000000000
0.0000000000000000 0.0000000000000000 0.0000000000000000 0.0000000000000000
0.0000000000000000 0.0000000000000000 0.0000000000000000 0.0000000000000000
0.0000000000000000 0.0000000000000000 0.0000000000000000 0.0000000000000000
0.0000000000000000 0.0000000000000000 0.0000000000000000 0.0000000000000000
0.0000000000000000 0.0000000000000000 0.0000000000000000 0.0000000000000000
0.0114135742187500 0.0781250000000000 0.0000000000000000 0.0000000000000000
0.1174316406250000 0.1924438476562500 0.0000000000000000 0.0000000000000000
0.0869750976562500 0.0000000000000000 0.0149536132812500 0.0000000000000000
0.0678710937500000 0.0000000000000000 0.0000000000000000 0.0000000000000000
0.0000000000000000 0.0000000000000000 0.0000000000000000 0.0963134765625000
0.0427856445312500 0.0000000000000000 0.0000000000000000 0.1404418945312500
0.0000000000000000 0.0000000000000000 0.0000000000000000 0.0381469726562500
0.0000000000000000 0.0000000000000000 0.0000000000000000 0.0285644531250000
0.0000000000000000 0.0000000000000000 0.0000000000000000 0.0000000000000000
0.0000000000000000 0.0000000000000000 0.0000000000000000 0.0000000000000000
0.0000000000000000 0.0000000000000000 0.0000000000000000 0.0085449218750000
0.0000000000000000 0.0000000000000000 0.0000000000000000 0.0216064453125000
0.1021118164062500 0.2705688476562500 0.0000000000000000 0.0000000000000000
0.2418823242187500 0.2922363281250000 0.0000000000000000 0.0000000000000000
0.1107788085937500 0.0000000000000000 0.0681152343750000 0.0000000000000000
0.0000000000000000 0.0000000000000000 0.0226440429687500 0.0000000000000000
0.0000000000000000 0.0000000000000000 0.0000000000000000 0.0000000000000000
0.0175170898437500 0.0000000000000000 0.0000000000000000 0.0000000000000000
0.0014038085937500 0.0000000000000000 0.0000000000000000 0.0000000000000000
0.0208740234375000 0.0000000000000000 0.0000000000000000 0.0000000000000000
0.0250854492187500 0.0000000000000000 0.0000000000000000 0.0000000000000000
0.0111083984375000 0.0000000000000000 0.0000000000000000 0.0000000000000000
0.0042114257812500 0.0000000000000000 0.0000000000000000 0.0000000000000000
0.0171508789062500 0.0000000000000000 0.0000000000000000 0.0000000000000000
0.0292968750000000 0.0000000000000000 0.0000000000000000 0.0000000000000000
0.0438232421875000 0.0000000000000000 0.0000000000000000 0.0000000000000000
0.0504760742187500 0.0000000000000000 0.0000000000000000 0.0000000000000000
0.0463256835937500 0.0000000000000000 0.0000000000000000 0.0000000000000000
0.0422363281250000 0.0000000000000000 0.0000000000000000 0.0000000000000000
0.0000000000000000 0.0000000000000000 0.0000000000000000 0.0000000000000000
0.0437011718750000 0.0721435546875000 0.0000000000000000 0.0000000000000000
0.1591186523437500 0.1984252929687500 0.0000000000000000 0.0000000000000000
0.1293334960937500 0.0000000000000000 0.0122680664062500 0.0000000000000000
0.0000000000000000 0.0000000000000000 0.0347290039062500 0.0000000000000000
0.0000000000000000 0.0000000000000000 0.1883544921875000 0.1083984375000000
0.0000000000000000 0.0000000000000000 0.0000000000000000 0.1693725585937500
0.0000000000000000 0.0000000000000000 0.0000000000000000 0.0379638671875000
0.0000000000000000 0.0000000000000000 0.0000000000000000 0.0321655273437500
0.0081787109375000 0.0000000000000000 0.0000000000000000 0.0016479492187500
0.0000000000000000 0.0000000000000000 0.0000000000000000 0.0000000000000000
0.0000000000000000 0.0000000000000000 0.0000000000000000 0.0143432617187500
0.0000000000000000 0.0000000000000000 0.0000000000000000 0.0139160156250000
0.0000000000000000 0.2583618164062500 0.0000000000000000 0.0000000000000000
0.0420532226562500 0.3779296875000000 0.0007324218750000 0.0000000000000000
0.0000000000000000 0.0000000000000000 0.2371826171875000 0.0000000000000000
0.0000000000000000 0.0000000000000000 0.0000000000000000 0.0000000000000000
0.0369262695312500 0.0000000000000000 0.0000000000000000 0.0000000000000000
0.2678222656250000 0.0000000000000000 0.0000000000000000 0.0000000000000000
0.3474121093750000 0.0000000000000000 0.0000000000000000 0.0000000000000000
0.3282470703125000 0.0000000000000000 0.0000000000000000 0.0000000000000000
0.2838745117187500 0.0000000000000000 0.0000000000000000 0.0000000000000000
0.1525878906250000 0.0000000000000000 0.0000000000000000 0.0000000000000000
0.0481567382812500 0.0000000000000000 0.0000000000000000 0.0000000000000000
0.0705566406250000 0.0000000000000000 0.0000000000000000 0.0000000000000000
0.1146850585937500 0.0000000000000000 0.0000000000000000 0.0000000000000000
0.1913452148437500 0.0000000000000000 0.0000000000000000 0.0000000000000000
0.2631835937500000 0.0000000000000000 0.0000000000000000 0.0000000000000000
0.2727050781250000 0.0000000000000000 0.0000000000000000 0.0000000000000000
0.2952270507812500 0.0000000000000000 0.0000000000000000 0.0000000000000000
0.2407836914062500 0.0000000000000000 0.0000000000000000 0.0000000000000000
0.1938476562500000 0.0020141601562500 0.0000000000000000 0.0000000000000000
0.1491088867187500 0.1879272460937500 0.0000000000000000 0.0000000000000000
0.0932617187500000 0.0000000000000000 0.0189819335937500 0.0000000000000000
0.0000000000000000 0.0000000000000000 0.1187133789062500 0.0000000000000000
0.0000000000000000 0.0000000000000000 0.1940307617187500 0.1024169921875000
0.0000000000000000 0.0000000000000000 0.0000000000000000 0.1569824218750000
0.0000000000000000 0.0000000000000000 0.0000000000000000 0.0434570312500000
0.0000000000000000 0.0000000000000000 0.0000000000000000 0.0384521484375000
0.0000000000000000 0.0000000000000000 0.0000000000000000 0.0004272460937500
0.0000000000000000 0.0000000000000000 0.0000000000000000 0.0000000000000000
0.0000000000000000 0.0000000000000000 0.0000000000000000 0.0205688476562500
0.0000000000000000 0.0000000000000000 0.0000000000000000 0.0186767578125000
0.0000000000000000 0.0213623046875000 0.0000000000000000 0.0000000000000000
0.0354614257812500 0.4190063476562500 0.0000000000000000 0.0000000000000000
0.0000000000000000 0.0000000000000000 0.3002929687500000 0.0000000000000000
0.0000000000000000 0.0000000000000000 0.0000000000000000 0.0000000000000000
0.0269775390625000 0.0000000000000000 0.0000000000000000 0.0000000000000000
0.1378173828125000 0.0000000000000000 0.0000000000000000 0.0000000000000000
0.1271972656250000 0.0000000000000000 0.0000000000000000 0.0000000000000000
0.1219482421875000 0.0000000000000000 0.0000000000000000 0.0000000000000000
0.0817871093750000 0.0000000000000000 0.0000000000000000 0.0000000000000000
0.0733642578125000 0.0000000000000000 0.0000000000000000 0.0000000000000000
0.0894775390625000 0.0000000000000000 0.0000000000000000 0.0000000000000000
0.0753784179687500 0.0000000000000000 0.0000000000000000 0.0000000000000000
0.1076049804687500 0.0000000000000000 0.0000000000000000 0.0000000000000000
0.1148071289062500 0.0000000000000000 0.0000000000000000 0.0000000000000000
0.1069946289062500 0.0000000000000000 0.0000000000000000 0.0000000000000000
0.0955200195312500 0.0000000000000000 0.0000000000000000 0.0000000000000000
0.0603027343750000 0.0000000000000000 0.0000000000000000 0.0000000000000000
0.0147094726562500 0.0000000000000000 0.0000000000000000 0.0000000000000000
0.1065673828125000 0.0692138671875000 0.0000000000000000 0.0000000000000000
0.1786499023437500 0.0972290039062500 0.0000000000000000 0.0000000000000000
0.0123291015625000 0.0000000000000000 0.0335083007812500 0.0000000000000000
0.0000000000000000 0.0000000000000000 0.3162841796875000 0.0000000000000000
0.0000000000000000 0.0000000000000000 0.1929931640625000 0.1402587890625000
0.0000000000000000 0.0000000000000000 0.0296630859375000 0.1187133789062500
0.0000000000000000 0.0000000000000000 0.0000000000000000 0.0459594726562500
0.0000000000000000 0.0000000000000000 0.0000000000000000 0.0363159179687500
0.0000000000000000 0.0000000000000000 0.0000000000000000 0.0034790039062500
0.0000000000000000 0.0000000000000000 0.0000000000000000 0.0000000000000000
0.0000000000000000 0.0000000000000000 0.0000000000000000 0.0209960937500000
0.0000000000000000 0.0000000000000000 0.0000000000000000 0.0225830078125000
0.0000000000000000 0.0000000000000000 0.0000000000000000 0.0072021484375000
0.0000000000000000 0.3508300781250000 0.0000000000000000 0.0000000000000000
0.0000000000000000 0.0000000000000000 0.2709350585937500 0.0000000000000000
0.0000000000000000 0.0514526367187500 0.0000000000000000 0.0000000000000000
0.0068359375000000 0.0490112304687500 0.0148925781250000 0.0000000000000000
0.0118408203125000 0.0000000000000000 0.0385131835937500 0.0000000000000000
0.0000000000000000 0.0000000000000000 0.0247802734375000 0.0000000000000000
0.0000000000000000 0.0000000000000000 0.0276489257812500 0.0000000000000000
0.0000000000000000 0.0000000000000000 0.0111694335937500 0.0000000000000000
0.0026245117187500 0.0000000000000000 0.0000000000000000 0.0000000000000000
0.0232543945312500 0.0000000000000000 0.0000000000000000 0.0000000000000000
0.0253906250000000 0.0000000000000000 0.0000000000000000 0.0000000000000000
0.0802001953125000 0.0112304687500000 0.0000000000000000 0.0000000000000000
0.1486816406250000 0.0000000000000000 0.0000000000000000 0.0000000000000000
0.0559692382812500 0.0000000000000000 0.0028686523437500 0.0000000000000000
0.0000000000000000 0.0000000000000000 0.0139770507812500 0.0000000000000000
0.0000000000000000 0.0000000000000000 0.0639648437500000 0.0000000000000000
0.0000000000000000 0.0000000000000000 0.0880737304687500 0.0000000000000000
0.0000000000000000 0.0000000000000000 0.0000000000000000 0.0000000000000000
0.0000000000000000 0.1595458984375000 0.0081787109375000 0.0000000000000000
0.0000000000000000 0.0314941406250000 0.0857543945312500 0.0000000000000000
0.0000000000000000 0.0000000000000000 0.3895263671875000 0.0077514648437500
0.0000000000000000 0.0000000000000000 0.0260009765625000 0.2086791992187500
0.0000000000000000 0.0000000000000000 0.0010986328125000 0.0657348632812500
0.0000000000000000 0.0000000000000000 0.0000000000000000 0.0446166992187500
0.0000000000000000 0.0000000000000000 0.0000000000000000 0.0361938476562500
0.0000000000000000 0.0000000000000000 0.0000000000000000 0.0087280273437500
0.0133666992187500 0.0000000000000000 0.0000000000000000 0.0043945312500000
0.0000000000000000 0.0000000000000000 0.0000000000000000 0.0187377929687500
0.0000000000000000 0.0000000000000000 0.0000000000000000 0.0244140625000000
0.0000000000000000 0.0000000000000000 0.0000000000000000 0.0214843750000000
0.0000000000000000 0.0697631835937500 0.0000000000000000 0.0000000000000000
0.0128784179687500 0.0000000000000000 0.0757446289062500 0.0000000000000000
0.0000000000000000 0.0866088867187500 0.0000000000000000 0.0000000000000000
0.1124267578125000 0.0000000000000000 0.0000000000000000 0.0000000000000000
0.1295776367187500 0.0000000000000000 0.0000000000000000 0.0000000000000000
0.2352905273437500 0.0000000000000000 0.0000000000000000 0.0000000000000000
0.2395019531250000 0.0000000000000000 0.0000000000000000 0.0000000000000000
0.1591796875000000 0.0000000000000000 0.0000000000000000 0.0000000000000000
0.0477905273437500 0.0000000000000000 0.0000000000000000 0.0000000000000000
0.0039672851562500 0.0000000000000000 0.0000000000000000 0.0000000000000000
0.0430297851562500 0.0000000000000000 0.0000000000000000 0.0000000000000000
0.1101074218750000 0.0081787109375000 0.0000000000000000 0.0000000000000000
0.1210937500000000 0.0000000000000000 0.0000000000000000 0.0000000000000000
0.0651855468750000 0.0000000000000000 0.0000000000000000 0.0000000000000000
0.0568847656250000 0.0000000000000000 0.0000000000000000 0.0000000000000000
0.1312866210937500 0.0000000000000000 0.0000000000000000 0.0000000000000000
0.0122070312500000 0.0000000000000000 0.0000000000000000 0.0000000000000000
0.0000000000000000 0.0000000000000000 0.0493164062500000 0.0000000000000000
0.0000000000000000 0.1170654296875000 0.0000000000000000 0.0000000000000000
0.0000000000000000 0.0285034179687500 0.0669555664062500 0.0000000000000000
0.0000000000000000 0.0000000000000000 0.3131713867187500 0.0830078125000000
0.0000000000000000 0.0000000000000000 0.0000000000000000 0.2229003906250000
0.0000000000000000 0.0000000000000000 0.0000000000000000 0.0489501953125000
0.0000000000000000 0.0000000000000000 0.0000000000000000 0.0422363281250000
0.0000000000000000 0.0000000000000000 0.0000000000000000 0.0429077148437500
0.0000000000000000 0.0000000000000000 0.0000000000000000 0.0083618164062500
0.0000000000000000 0.0000000000000000 0.0000000000000000 0.0043334960937500
0.0000000000000000 0.0000000000000000 0.0000000000000000 0.0254516601562500
0.0000000000000000 0.0000000000000000 0.0000000000000000 0.0213012695312500
0.0046997070312500 0.0000000000000000 0.0000000000000000 0.0145263671875000
0.0419921875000000 0.0000000000000000 0.0000000000000000 0.0000000000000000
0.1762084960937500 0.0140380859375000 0.0000000000000000 0.0000000000000000
0.2018432617187500 0.0145874023437500 0.0000000000000000 0.0000000000000000
0.0981445312500000 0.0642089843750000 0.0000000000000000 0.0000000000000000
0.0218505859375000 0.0305786132812500 0.0000000000000000 0.0000000000000000
0.0249023437500000 0.0458984375000000 0.0000000000000000 0.0000000000000000
0.0000000000000000 0.0000000000000000 0.0252075195312500 0.0000000000000000
0.0000000000000000 0.0000000000000000 0.0869750976562500 0.0000000000000000
0.0000000000000000 0.0000000000000000 0.0596313476562500 0.0000000000000000
0.0000000000000000 0.0000000000000000 0.0000000000000000 0.0000000000000000
0.0000000000000000 0.0452270507812500 0.0000000000000000 0.0000000000000000
0.0283813476562500 0.1050415039062500 0.0000000000000000 0.0000000000000000
0.0000000000000000 0.0000000000000000 0.0632934570312500 0.0000000000000000
0.0263061523437500 0.0000000000000000 0.0000000000000000 0.0000000000000000
0.0375976562500000 0.0000000000000000 0.0000000000000000 0.0000000000000000
0.0059204101562500 0.0000000000000000 0.0000000000000000 0.0000000000000000
0.0000000000000000 0.0000000000000000 0.0000000000000000 0.0000000000000000
0.0000000000000000 0.0000000000000000 0.0000000000000000 0.0000000000000000
0.0747070312500000 0.1750488281250000 0.0000000000000000 0.0000000000000000
0.1040039062500000 0.0151977539062500 0.0415649414062500 0.0000000000000000
0.0000000000000000 0.0000000000000000 0.2700195312500000 0.0915527343750000
0.0000000000000000 0.0000000000000000 0.0000000000000000 0.2230224609375000
0.0000000000000000 0.0000000000000000 0.0000000000000000 0.0479125976562500
0.0000000000000000 0.0000000000000000 0.0000000000000000 0.0484619140625000
0.0000000000000000 0.0000000000000000 0.0000000000000000 0.0436401367187500
0.0000000000000000 0.0000000000000000 0.0000000000000000 0.0086669921875000
0.0000000000000000 0.0000000000000000 0.0000000000000000 0.0098876953125000
0.0000000000000000 0.0000000000000000 0.0000000000000000 0.0209960937500000
0.0000000000000000 0.0000000000000000 0.0000000000000000 0.0219116210937500
0.0000000000000000 0.0000000000000000 0.0000000000000000 0.0098266601562500
0.0161132812500000 0.0000000000000000 0.0000000000000000 0.0000000000000000
0.0000000000000000 0.0701904296875000 0.0000000000000000 0.0000000000000000
0.0555419921875000 0.0894165039062500 0.0000000000000000 0.0000000000000000
0.0000000000000000 0.0460815429687500 0.0259399414062500 0.0000000000000000
0.0000000000000000 0.0589599609375000 0.1005249023437500 0.0000000000000000
0.0000000000000000 0.0438232421875000 0.1601562500000000 0.0000000000000000
0.0000000000000000 0.0000000000000000 0.1789550781250000 0.0000000000000000
0.0000000000000000 0.0000000000000000 0.1841430664062500 0.0000000000000000
0.0000000000000000 0.0000000000000000 0.0873413085937500 0.0000000000000000
0.0000000000000000 0.0000000000000000 0.0101318359375000 0.0000000000000000
0.0000000000000000 0.0000000000000000 0.0079956054687500 0.0000000000000000
0.0000000000000000 0.0862426757812500 0.0451049804687500 0.0000000000000000
0.0000000000000000 0.0000000000000000 0.0963134765625000 0.0000000000000000
0.0000000000000000 0.0581665039062500 0.0250854492187500 0.0000000000000000
0.0000000000000000 0.0000000000000000 0.1283569335937500 0.0000000000000000
0.0000000000000000 0.0000000000000000 0.1174926757812500 0.0000000000000000
0.0000000000000000 0.0000000000000000 0.0263061523437500 0.0000000000000000
0.0000000000000000 0.0000000000000000 0.0250854492187500 0.0000000000000000
0.0000000000000000 0.1741333007812500 0.0000000000000000 0.0000000000000000
0.0136108398437500 0.0582275390625000 0.1396484375000000 0.0000000000000000
0.0000000000000000 0.0000000000000000 0.3554687500000000 0.0752563476562500
0.0000000000000000 0.0000000000000000 0.0000000000000000 0.2089233398437500
0.0000000000000000 0.0000000000000000 0.0000000000000000 0.0551757812500000
0.0000000000000000 0.0000000000000000 0.0000000000000000 0.0457153320312500
0.0000000000000000 0.0000000000000000 0.0000000000000000 0.0482177734375000
0.0000000000000000 0.0000000000000000 0.0000000000000000 0.0090942382812500
0.0000000000000000 0.0000000000000000 0.0000000000000000 0.0116577148437500
0.0000000000000000 0.0000000000000000 0.0000000000000000 0.0177001953125000
0.0000000000000000 0.0000000000000000 0.0000000000000000 0.0250244140625000
0.0000000000000000 0.0000000000000000 0.0000000000000000 0.0293579101562500
0.0000000000000000 0.0000000000000000 0.0000000000000000 0.0000000000000000
0.0000000000000000 0.1010131835937500 0.0000000000000000 0.0000000000000000
0.0000000000000000 0.0104370117187500 0.0598754882812500 0.0000000000000000
0.0000000000000000 0.0000000000000000 0.0000000000000000 0.0000000000000000
0.0000000000000000 0.0000000000000000 0.0347900390625000 0.0000000000000000
0.0000000000000000 0.0000000000000000 0.0772094726562500 0.0000000000000000
0.0000000000000000 0.0000000000000000 0.0964965820312500 0.0000000000000000
0.0000000000000000 0.0000000000000000 0.1044311523437500 0.0000000000000000
0.0000000000000000 0.0000000000000000 0.0233154296875000 0.0000000000000000
0.0000000000000000 0.0000000000000000 0.0000000000000000 0.0000000000000000
0.0000000000000000 0.0000000000000000 0.0000000000000000 0.0000000000000000
0.0000000000000000 0.0025634765625000 0.0000000000000000 0.0000000000000000
0.0000000000000000 0.0029296875000000 0.0839233398437500 0.0000000000000000
0.0000000000000000 0.0000000000000000 0.1047363281250000 0.0000000000000000
0.0000000000000000 0.0000000000000000 0.0977783203125000 0.0000000000000000
0.0000000000000000 0.0000000000000000 0.0905761718750000 0.0000000000000000
0.0000000000000000 0.0000000000000000 0.0453491210937500 0.0000000000000000
0.0000000000000000 0.0000000000000000 0.0350341796875000 0.0000000000000000
0.0000000000000000 0.0494384765625000 0.0000000000000000 0.0000000000000000
0.0000000000000000 0.0000000000000000 0.3032836914062500 0.0000000000000000
0.0000000000000000 0.0000000000000000 0.3676757812500000 0.0618896484375000
0.0000000000000000 0.0000000000000000 0.0261840820312500 0.1536865234375000
0.0000000000000000 0.0000000000000000 0.0000000000000000 0.0537109375000000
0.0000000000000000 0.0000000000000000 0.0000000000000000 0.0476684570312500
0.0000000000000000 0.0000000000000000 0.0000000000000000 0.0472412109375000
0.0000000000000000 0.0000000000000000 0.0000000000000000 0.0140991210937500
0.0000000000000000 0.0000000000000000 0.0000000000000000 0.0081176757812500
0.0000000000000000 0.0000000000000000 0.0000000000000000 0.0212402343750000
0.0000000000000000 0.0000000000000000 0.0000000000000000 0.0281372070312500
0.0000000000000000 0.0000000000000000 0.0000000000000000 0.0343627929687500
0.0000000000000000 0.0000000000000000 0.0000000000000000 0.0221557617187500
0.0560302734375000 0.1330566406250000 0.0000000000000000 0.0000000000000000
0.0917968750000000 0.0010375976562500 0.0274047851562500 0.0000000000000000
0.0216674804687500 0.0000000000000000 0.0000000000000000 0.0000000000000000
0.0000000000000000 0.0000000000000000 0.0000000000000000 0.0000000000000000
0.0000000000000000 0.0000000000000000 0.0084228515625000 0.0000000000000000
0.0000000000000000 0.0000000000000000 0.0226440429687500 0.0000000000000000
0.0000000000000000 0.0000000000000000 0.0124511718750000 0.0000000000000000
0.0000000000000000 0.0000000000000000 0.0000000000000000 0.0000000000000000
0.0000000000000000 0.0000000000000000 0.0000000000000000 0.0000000000000000
0.0015258789062500 0.0000000000000000 0.0000000000000000 0.0000000000000000
0.0000000000000000 0.0000000000000000 0.0000000000000000 0.0000000000000000
0.0244750976562500 0.0000000000000000 0.0000000000000000 0.0000000000000000
0.0000000000000000 0.0000000000000000 0.0000000000000000 0.0000000000000000
0.0000000000000000 0.0000000000000000 0.0000000000000000 0.0000000000000000
0.0000000000000000 0.0000000000000000 0.0128784179687500 0.0000000000000000
0.0000000000000000 0.0000000000000000 0.0175781250000000 0.0000000000000000
0.0000000000000000 0.0000000000000000 0.0004272460937500 0.0000000000000000
0.0000000000000000 0.0000000000000000 0.0000000000000000 0.0000000000000000
0.0000000000000000 0.0000000000000000 0.2437744140625000 0.0000000000000000
0.0000000000000000 0.0000000000000000 0.0780639648437500 0.1492919921875000
0.0000000000000000 0.0000000000000000 0.0120849609375000 0.0797729492187500
0.0000000000000000 0.0000000000000000 0.0000000000000000 0.0541992187500000
0.0000000000000000 0.0000000000000000 0.0000000000000000 0.0489501953125000
0.0000000000000000 0.0000000000000000 0.0000000000000000 0.0431518554687500
0.0000000000000000 0.0000000000000000 0.0000000000000000 0.0127563476562500
0.0000000000000000 0.0000000000000000 0.0000000000000000 0.0071411132812500
0.0000000000000000 0.0000000000000000 0.0000000000000000 0.0221557617187500
0.0000000000000000 0.0000000000000000 0.0000000000000000 0.0294189453125000
0.0000000000000000 0.0000000000000000 0.0000000000000000 0.0333251953125000
0.0000000000000000 0.0000000000000000 0.0000000000000000 0.0343017578125000
0.0581054687500000 0.1564941406250000 0.0000000000000000 0.0000000000000000
0.1370849609375000 0.0030517578125000 0.0150756835937500 0.0000000000000000
0.0316162109375000 0.0000000000000000 0.0000000000000000 0.0000000000000000
0.0316162109375000 0.0000000000000000 0.0000000000000000 0.0000000000000000
0.0130004882812500 0.0000000000000000 0.0000000000000000 0.0000000000000000
0.0201416015625000 0.0000000000000000 0.0000000000000000 0.0000000000000000
0.1122436523437500 0.0000000000000000 0.0000000000000000 0.0000000000000000
0.2243041992187500 0.0000000000000000 0.0000000000000000 0.0000000000000000
0.2346801757812500 0.0000000000000000 0.0000000000000000 0.0000000000000000
0.1251220703125000 0.0000000000000000 0.0000000000000000 0.0000000000000000
0.1488037109375000 0.0000000000000000 0.0000000000000000 0.0000000000000000
0.1339721679687500 0.0000000000000000 0.0000000000000000 0.0000000000000000
0.0368652343750000 0.0000000000000000 0.0000000000000000 0.0000000000000000
0.0109863281250000 0.0000000000000000 0.0000000000000000 0.0000000000000000
0.0000000000000000 0.0000000000000000 0.0000000000000000 0.0000000000000000
0.0000000000000000 0.0000000000000000 0.0053710937500000 0.0000000000000000
0.0000000000000000 0.0000000000000000 0.0000000000000000 0.0000000000000000
0.0460205078125000 0.0000000000000000 0.0000000000000000 0.0000000000000000
0.0000000000000000 0.0000000000000000 0.1835327148437500 0.0384521484375000
0.0000000000000000 0.0000000000000000 0.0000000000000000 0.1784667968750000
0.0000000000000000 0.0000000000000000 0.0000000000000000 0.0510253906250000
0.0000000000000000 0.0000000000000000 0.0000000000000000 0.0548095703125000
0.0000000000000000 0.0000000000000000 0.0000000000000000 0.0482788085937500
0.0000000000000000 0.0000000000000000 0.0000000000000000 0.0504150390625000
0.0000000000000000 0.0000000000000000 0.0000000000000000 0.0135498046875000
0.0000000000000000 0.0000000000000000 0.0000000000000000 0.0061035156250000
0.0000000000000000 0.0000000000000000 0.0000000000000000 0.0213012695312500
0.0000000000000000 0.0000000000000000 0.0000000000000000 0.0285644531250000
0.0000000000000000 0.0000000000000000 0.0000000000000000 0.0333251953125000
0.0000000000000000 0.0000000000000000 0.0000000000000000 0.0374755859375000
0.0532836914062500 0.1649169921875000 0.0000000000000000 0.0000000000000000
0.1451416015625000 0.0158081054687500 0.0091552734375000 0.0000000000000000
0.0317993164062500 0.0000000000000000 0.0000000000000000 0.0000000000000000
0.0467529296875000 0.0000000000000000 0.0000000000000000 0.0000000000000000
0.0267944335937500 0.0000000000000000 0.0000000000000000 0.0000000000000000
0.0421142578125000 0.0000000000000000 0.0000000000000000 0.0000000000000000
0.1068725585937500 0.0360717773437500 0.0000000000000000 0.0000000000000000
0.0859985351562500 0.0000000000000000 0.0000000000000000 0.0000000000000000
0.0658569335937500 0.0000000000000000 0.0000000000000000 0.0000000000000000
0.1273193359375000 0.0000000000000000 0.0000000000000000 0.0000000000000000
0.1163940429687500 0.0000000000000000 0.0000000000000000 0.0000000000000000
0.0989379882812500 0.0000000000000000 0.0000000000000000 0.0000000000000000
0.0425415039062500 0.0000000000000000 0.0000000000000000 0.0000000000000000
0.0126342773437500 0.0000000000000000 0.0000000000000000 0.0000000000000000
0.0004272460937500 0.0000000000000000 0.0000000000000000 0.0000000000000000
0.0000000000000000 0.0000000000000000 0.0000000000000000 0.0000000000000000
0.0000000000000000 0.0000000000000000 0.0000000000000000 0.0000000000000000
0.0000000000000000 0.0000000000000000 0.0000000000000000 0.0000000000000000
0.0000000000000000 0.0000000000000000 0.2297973632812500 0.0656127929687500
0.0000000000000000 0.0000000000000000 0.0000000000000000 0.1452026367187500
0.0000000000000000 0.0000000000000000 0.0000000000000000 0.0509643554687500
0.0000000000000000 0.0000000000000000 0.0000000000000000 0.0561523437500000
0.0012207031250000 0.0000000000000000 0.0000000000000000 0.0546875000000000
0.0000000000000000 0.0000000000000000 0.0000000000000000 0.0487670898437500
0.0000000000000000 0.0000000000000000 0.0000000000000000 0.0149536132812500
0.0040893554687500 0.0000000000000000 0.0000000000000000 0.0089111328125000
0.0000000000000000 0.0000000000000000 0.0000000000000000 0.0226440429687500
0.0000000000000000 0.0000000000000000 0.0000000000000000 0.0277709960937500
0.0000000000000000 0.0000000000000000 0.0000000000000000 0.0347900390625000
0.0000000000000000 0.0000000000000000 0.0000000000000000 0.0402221679687500
0.0761108398437500 0.1680297851562500 0.0000000000000000 0.0000000000000000
0.1719970703125000 0.0296630859375000 0.0000000000000000 0.0000000000000000
0.0496826171875000 0.0000000000000000 0.0000000000000000 0.0000000000000000
0.0349731445312500 0.0000000000000000 0.0000000000000000 0.0000000000000000
0.0336914062500000 0.0000000000000000 0.0000000000000000 0.0000000000000000
0.0426635742187500 0.0000000000000000 0.0000000000000000 0.0000000000000000
0.0502929687500000 0.0460815429687500 0.0000000000000000 0.0000000000000000
0.0373535156250000 0.0000000000000000 0.0777587890625000 0.0000000000000000
0.0000000000000000 0.0000000000000000 0.0000000000000000 0.0000000000000000
0.0741577148437500 0.0000000000000000 0.0000000000000000 0.0000000000000000
0.0673828125000000 0.0000000000000000 0.0000000000000000 0.0000000000000000
0.0117797851562500 0.0000000000000000 0.0000000000000000 0.0000000000000000
0.0179443359375000 0.0000000000000000 0.0000000000000000 0.0000000000000000
0.0000000000000000 0.0000000000000000 0.0000000000000000 0.0000000000000000
0.0000000000000000 0.0000000000000000 0.0000000000000000 0.0000000000000000
0.0140380859375000 0.0000000000000000 0.0000000000000000 0.0000000000000000
0.0116577148437500 0.0000000000000000 0.0000000000000000 0.0000000000000000
0.0000000000000000 0.0000000000000000 0.1231079101562500 0.0000000000000000
0.0000000000000000 0.0000000000000000 0.1096191406250000 0.1128540039062500
0.0000000000000000 0.0000000000000000 0.0000000000000000 0.1077880859375000
0.0000000000000000 0.0000000000000000 0.0000000000000000 0.0496826171875000
0.0000000000000000 0.0000000000000000 0.0000000000000000 0.0516357421875000
0.0000000000000000 0.0000000000000000 0.0000000000000000 0.0493774414062500
0.0000000000000000 0.0000000000000000 0.0000000000000000 0.0481567382812500
0.0000000000000000 0.0000000000000000 0.0000000000000000 0.0149536132812500
0.0067138671875000 0.0000000000000000 0.0000000000000000 0.0075073242187500
0.0000000000000000 0.0000000000000000 0.0000000000000000 0.0220947265625000
0.0000000000000000 0.0000000000000000 0.0000000000000000 0.0268554687500000
0.0000000000000000 0.0000000000000000 0.0000000000000000 0.0311889648437500
0.0000000000000000 0.0000000000000000 0.0000000000000000 0.0376586914062500
0.0900878906250000 0.1926879882812500 0.0000000000000000 0.0000000000000000
0.1921386718750000 0.0317382812500000 0.0000000000000000 0.0000000000000000
0.0711669921875000 0.0000000000000000 0.0000000000000000 0.0000000000000000
0.0468139648437500 0.0000000000000000 0.0000000000000000 0.0000000000000000
0.0625610351562500 0.0000000000000000 0.0000000000000000 0.0000000000000000
0.0856933593750000 0.0000000000000000 0.0000000000000000 0.0000000000000000
0.0753173828125000 0.0000000000000000 0.0000000000000000 0.0000000000000000
0.0476074218750000 0.0000000000000000 0.0000000000000000 0.0000000000000000
0.0334472656250000 0.0000000000000000 0.0000000000000000 0.0000000000000000
0.0372924804687500 0.0000000000000000 0.0000000000000000 0.0000000000000000
0.0252685546875000 0.0000000000000000 0.0000000000000000 0.0000000000000000
0.0000000000000000 0.0000000000000000 0.0000000000000000 0.0000000000000000
0.0339965820312500 0.0000000000000000 0.0000000000000000 0.0000000000000000
0.0235595703125000 0.0000000000000000 0.0000000000000000 0.0000000000000000
0.0000000000000000 0.0000000000000000 0.0000000000000000 0.0000000000000000
0.0006713867187500 0.0000000000000000 0.0000000000000000 0.0000000000000000
0.0681762695312500 0.0000000000000000 0.0000000000000000 0.0000000000000000
0.0026855468750000 0.0000000000000000 0.1472778320312500 0.0269775390625000
0.0000000000000000 0.0000000000000000 0.0000000000000000 0.1729736328125000
0.0000000000000000 0.0000000000000000 0.0000000000000000 0.0767822265625000
0.0000000000000000 0.0000000000000000 0.0000000000000000 0.0516967773437500
0.0000000000000000 0.0000000000000000 0.0000000000000000 0.0498046875000000
0.0000000000000000 0.0000000000000000 0.0000000000000000 0.0530395507812500
0.0000000000000000 0.0000000000000000 0.0000000000000000 0.0494384765625000
0.0000000000000000 0.0000000000000000 0.0000000000000000 0.0131835937500000
0.0044555664062500 0.0000000000000000 0.0000000000000000 0.0053100585937500
0.0000000000000000 0.0000000000000000 0.0000000000000000 0.0218505859375000
0.0000000000000000 0.0000000000000000 0.0000000000000000 0.0255737304687500
0.0000000000000000 0.0000000000000000 0.0000000000000000 0.0295410156250000
0.0000000000000000 0.0000000000000000 0.0000000000000000 0.0341796875000000
0.0045166015625000 0.1544799804687500 0.0000000000000000 0.0000000000000000
0.0219726562500000 0.1448364257812500 0.0174560546875000 0.0000000000000000
0.0000000000000000 0.0000000000000000 0.0562744140625000 0.0000000000000000
0.0579833984375000 0.0000000000000000 0.0000000000000000 0.0000000000000000
0.0652465820312500 0.0000000000000000 0.0000000000000000 0.0000000000000000
0.0917358398437500 0.0000000000000000 0.0000000000000000 0.0000000000000000
0.1324462890625000 0.0000000000000000 0.0000000000000000 0.0000000000000000
0.1129760742187500 0.0000000000000000 0.0000000000000000 0.0000000000000000
0.1265869140625000 0.0000000000000000 0.0000000000000000 0.0000000000000000
0.1009521484375000 0.0000000000000000 0.0000000000000000 0.0000000000000000
0.1026000976562500 0.0000000000000000 0.0000000000000000 0.0000000000000000
0.0915527343750000 0.0000000000000000 0.0000000000000000 0.0000000000000000
0.0713500976562500 0.0000000000000000 0.0000000000000000 0.0000000000000000
0.0255126953125000 0.0000000000000000 0.0000000000000000 0.0000000000000000
0.0208129882812500 0.0000000000000000 0.0000000000000000 0.0000000000000000
0.0154418945312500 0.0000000000000000 0.0000000000000000 0.0000000000000000
0.0719604492187500 0.0000000000000000 0.0000000000000000 0.0000000000000000
0.0221557617187500 0.0000000000000000 0.1923217773437500 0.0428466796875000
0.0000000000000000 0.0000000000000000 0.0000000000000000 0.1923828125000000
0.0000000000000000 0.0000000000000000 0.0000000000000000 0.0662841796875000
0.0004272460937500 0.0000000000000000 0.0000000000000000 0.0608520507812500
0.0094604492187500 0.0000000000000000 0.0000000000000000 0.0586547851562500
0.0000000000000000 0.0000000000000000 0.0000000000000000 0.0494995117187500
0.0000000000000000 0.0000000000000000 0.0000000000000000 0.0480957031250000
0.0011596679687500 0.0000000000000000 0.0000000000000000 0.0128784179687500
0.0145263671875000 0.0000000000000000 0.0000000000000000 0.0058593750000000
0.0000000000000000 0.0000000000000000 0.0000000000000000 0.0209350585937500
0.0000000000000000 0.0000000000000000 0.0000000000000000 0.0245971679687500
0.0000000000000000 0.0000000000000000 0.0000000000000000 0.0291137695312500
0.0000000000000000 0.0000000000000000 0.0000000000000000 0.0302734375000000
0.0000000000000000 0.0000000000000000 0.0000000000000000 0.0000000000000000
0.0315551757812500 0.2260131835937500 0.0000000000000000 0.0000000000000000
0.0000000000000000 0.0000000000000000 0.0971069335937500 0.0000000000000000
0.0468139648437500 0.0000000000000000 0.0000000000000000 0.0000000000000000
0.0916748046875000 0.0000000000000000 0.0000000000000000 0.0000000000000000
0.0991821289062500 0.0000000000000000 0.0000000000000000 0.0000000000000000
0.0590209960937500 0.0000000000000000 0.0000000000000000 0.0000000000000000
0.0228881835937500 0.0000000000000000 0.0000000000000000 0.0000000000000000
0.0095825195312500 0.0000000000000000 0.0000000000000000 0.0000000000000000
0.0093994140625000 0.0000000000000000 0.0000000000000000 0.0000000000000000
0.0101928710937500 0.0000000000000000 0.0000000000000000 0.0000000000000000
0.0143432617187500 0.0000000000000000 0.0000000000000000 0.0000000000000000
0.0413818359375000 0.0000000000000000 0.0000000000000000 0.0000000000000000
0.0386962890625000 0.0000000000000000 0.0000000000000000 0.0000000000000000
0.0562744140625000 0.0000000000000000 0.0000000000000000 0.0000000000000000
0.0687866210937500 0.0000000000000000 0.0000000000000000 0.0000000000000000
0.0000000000000000 0.0000000000000000 0.0580444335937500 0.0000000000000000
0.0000000000000000 0.0000000000000000 0.2897338867187500 0.0335083007812500
0.0000000000000000 0.0000000000000000 0.0036010742187500 0.1660766601562500
0.0000000000000000 0.0000000000000000 0.0000000000000000 0.0556640625000000
0.0000000000000000 0.0000000000000000 0.0000000000000000 0.0563964843750000
0.0000000000000000 0.0000000000000000 0.0000000000000000 0.0486450195312500
0.0089721679687500 0.0000000000000000 0.0000000000000000 0.0527343750000000
0.0000000000000000 0.0000000000000000 0.0000000000000000 0.0480957031250000
0.0000000000000000 0.0000000000000000 0.0000000000000000 0.0092773437500000
0.0089111328125000 0.0000000000000000 0.0000000000000000 0.0027465820312500
0.0000000000000000 0.0000000000000000 0.0000000000000000 0.0186767578125000
0.0000000000000000 0.0000000000000000 0.0000000000000000 0.0249023437500000
0.0000000000000000 0.0000000000000000 0.0000000000000000 0.0281372070312500
0.0000000000000000 0.0000000000000000 0.0000000000000000 0.0294799804687500
0.0000000000000000 0.0000000000000000 0.0000000000000000 0.0316772460937500
0.0734863281250000 0.2507934570312500 0.0000000000000000 0.0000000000000000
0.1291503906250000 0.0515136718750000 0.0569458007812500 0.0000000000000000
0.0000000000000000 0.0000000000000000 0.0000000000000000 0.0000000000000000
0.0758666992187500 0.0000000000000000 0.0000000000000000 0.0000000000000000
0.0432128906250000 0.0000000000000000 0.0000000000000000 0.0000000000000000
0.0036010742187500 0.0000000000000000 0.0000000000000000 0.0000000000000000
0.0000000000000000 0.0000000000000000 0.0000000000000000 0.0000000000000000
0.0000000000000000 0.0000000000000000 0.0000000000000000 0.0000000000000000
0.0000000000000000 0.0000000000000000 0.0352783203125000 0.0000000000000000
0.0000000000000000 0.0000000000000000 0.0006103515625000 0.0000000000000000
0.0000000000000000 0.0000000000000000 0.0262451171875000 0.0000000000000000
0.0000000000000000 0.0000000000000000 0.0000000000000000 0.0000000000000000
0.0275878906250000 0.0000000000000000 0.0000000000000000 0.0000000000000000
0.0878295898437500 0.0000000000000000 0.0000000000000000 0.0000000000000000
0.0447998046875000 0.0000000000000000 0.0000000000000000 0.0000000000000000
0.0000000000000000 0.0000000000000000 0.2019653320312500 0.0000000000000000
0.0000000000000000 0.0000000000000000 0.1333618164062500 0.1468505859375000
0.0000000000000000 0.0000000000000000 0.0245361328125000 0.0891113281250000
0.0000000000000000 0.0000000000000000 0.0000000000000000 0.0584106445312500
0.0000000000000000 0.0000000000000000 0.0000000000000000 0.0477905273437500
0.0000000000000000 0.0000000000000000 0.0000000000000000 0.0477294921875000
0.0000000000000000 0.0000000000000000 0.0000000000000000 0.0535278320312500
0.0000000000000000 0.0000000000000000 0.0000000000000000 0.0446166992187500
0.0000610351562500 0.0000000000000000 0.0000000000000000 0.0086669921875000
0.0091552734375000 0.0000000000000000 0.0000000000000000 0.0019531250000000
0.0000000000000000 0.0000000000000000 0.0000000000000000 0.0167236328125000
0.0009155273437500 0.0000000000000000 0.0000000000000000 0.0223999023437500
0.0012817382812500 0.0000000000000000 0.0000000000000000 0.0261840820312500
0.0108032226562500 0.0000000000000000 0.0000000000000000 0.0310058593750000
0.0069580078125000 0.0000000000000000 0.0000000000000000 0.0324096679687500
0.0000000000000000 0.1313476562500000 0.0000000000000000 0.0000000000000000
0.0346679687500000 0.1780395507812500 0.0000000000000000 0.0000000000000000
0.0000000000000000 0.0883178710937500 0.0072631835937500 0.0000000000000000
0.1062622070312500 0.0000000000000000 0.0000000000000000 0.0000000000000000
0.0500488281250000 0.0000000000000000 0.0000000000000000 0.0000000000000000
0.0471191406250000 0.0000000000000000 0.0000000000000000 0.0000000000000000
0.0817871093750000 0.0000000000000000 0.0000000000000000 0.0000000000000000
0.1024169921875000 0.0000000000000000 0.0000000000000000 0.0000000000000000
0.1065063476562500 0.0000000000000000 0.0000000000000000 0.0000000000000000
0.0692138671875000 0.0000000000000000 0.0000000000000000 0.0000000000000000
0.0802612304687500 0.0000000000000000 0.0000000000000000 0.0000000000000000
0.0454711914062500 0.0000000000000000 0.0000000000000000 0.0000000000000000
0.0376586914062500 0.0000000000000000 0.0000000000000000 0.0000000000000000
0.1030273437500000 0.0000000000000000 0.0000000000000000 0.0000000000000000
0.0192260742187500 0.0000000000000000 0.1290283203125000 0.0000000000000000
0.0000000000000000 0.0000000000000000 0.1947631835937500 0.0811767578125000
0.0000000000000000 0.0000000000000000 0.0046997070312500 0.1444091796875000
0.0000000000000000 0.0000000000000000 0.0000000000000000 0.0615234375000000
0.0000000000000000 0.0000000000000000 0.0000000000000000 0.0609741210937500
0.0123901367187500 0.0000000000000000 0.0000000000000000 0.0476074218750000
0.0059814453125000 0.0000000000000000 0.0000000000000000 0.0498046875000000
0.0000000000000000 0.0000000000000000 0.0000000000000000 0.0535888671875000
0.0000000000000000 0.0000000000000000 0.0000000000000000 0.0429687500000000
0.0146484375000000 0.0000000000000000 0.0000000000000000 0.0077514648437500
0.0195922851562500 0.0000000000000000 0.0000000000000000 0.0073852539062500
0.0000000000000000 0.0000000000000000 0.0000000000000000 0.0118408203125000
0.0000000000000000 0.0000000000000000 0.0000000000000000 0.0172119140625000
0.0000000000000000 0.0000000000000000 0.0000000000000000 0.0218505859375000
0.0000000000000000 0.0000000000000000 0.0000000000000000 0.0230102539062500
0.0054931640625000 0.0000000000000000 0.0000000000000000 0.0292358398437500
0.0000000000000000 0.0000000000000000 0.0000000000000000 0.0000000000000000
0.0969848632812500 0.2135620117187500 0.0000000000000000 0.0000000000000000
0.0263671875000000 0.0783081054687500 0.0147094726562500 0.0000000000000000
0.0110473632812500 0.0000000000000000 0.0000000000000000 0.0000000000000000
0.0126953125000000 0.0000000000000000 0.0000000000000000 0.0000000000000000
0.0132446289062500 0.0000000000000000 0.0000000000000000 0.0000000000000000
0.0000000000000000 0.0000000000000000 0.0000000000000000 0.0000000000000000
0.0000000000000000 0.0000000000000000 0.0363159179687500 0.0000000000000000
0.0000000000000000 0.0000000000000000 0.0123291015625000 0.0000000000000000
0.0000000000000000 0.0000000000000000 0.0000000000000000 0.0000000000000000
0.0245361328125000 0.0000000000000000 0.0000000000000000 0.0000000000000000
0.0423583984375000 0.0000000000000000 0.0000000000000000 0.0000000000000000
0.0837402343750000 0.0000000000000000 0.0000000000000000 0.0000000000000000
0.0229492187500000 0.0000000000000000 0.0000000000000000 0.0000000000000000
0.0000000000000000 0.0000000000000000 0.2537231445312500 0.0000000000000000
0.0000000000000000 0.0000000000000000 0.1459350585937500 0.1617431640625000
0.0000000000000000 0.0000000000000000 0.0205688476562500 0.0890502929687500
0.0000000000000000 0.0000000000000000 0.0000000000000000 0.0581054687500000
0.0000000000000000 0.0000000000000000 0.0000000000000000 0.0488281250000000
0.0000000000000000 0.0000000000000000 0.0000000000000000 0.0476684570312500
0.0000000000000000 0.0000000000000000 0.0000000000000000 0.0451660156250000
0.0000000000000000 0.0000000000000000 0.0000000000000000 0.0490112304687500
0.0108032226562500 0.0000000000000000 0.0000000000000000 0.0451660156250000
0.0170288085937500 0.0000000000000000 0.0000000000000000 0.0088500976562500
0.0130004882812500 0.0000000000000000 0.0000000000000000 0.0048217773437500
0.0117187500000000 0.0000000000000000 0.0000000000000000 0.0107421875000000
0.0000000000000000 0.0000000000000000 0.0000000000000000 0.0168457031250000
0.0000000000000000 0.0000000000000000 0.0000000000000000 0.0192871093750000
0.0000000000000000 0.0000000000000000 0.0000000000000000 0.0193481445312500
0.0000000000000000 0.0000000000000000 0.0000000000000000 0.0295410156250000
0.1455688476562500 0.0000000000000000 0.0000000000000000 0.0000000000000000
0.3214111328125000 0.0653076171875000 0.0000000000000000 0.0000000000000000
0.3822631835937500 0.0000000000000000 0.0000000000000000 0.0000000000000000
0.0062866210937500 0.0000000000000000 0.0000000000000000 0.0000000000000000
0.0158691406250000 0.0000000000000000 0.0000000000000000 0.0000000000000000
0.0714111328125000 0.0000000000000000 0.0000000000000000 0.0000000000000000
0.0521240234375000 0.0000000000000000 0.0000000000000000 0.0000000000000000
0.0589599609375000 0.0000000000000000 0.0000000000000000 0.0000000000000000
0.0033569335937500 0.0000000000000000 0.0000000000000000 0.0000000000000000
0.0383911132812500 0.0000000000000000 0.0000000000000000 0.0000000000000000
0.0726318359375000 0.0000000000000000 0.0000000000000000 0.0000000000000000
0.0884399414062500 0.0000000000000000 0.0000000000000000 0.0000000000000000
0.0533447265625000 0.0000000000000000 0.0000000000000000 0.0000000000000000
0.0000000000000000 0.0000000000000000 0.0892944335937500 0.0000000000000000
0.0000000000000000 0.0000000000000000 0.0625000000000000 0.0993652343750000
0.0000000000000000 0.0000000000000000 0.0000000000000000 0.1661987304687500
0.1409301757812500 0.0000000000000000 0.0000000000000000 0.1008911132812500
0.0000000000000000 0.0000000000000000 0.0000000000000000 0.0525512695312500
0.0000000000000000 0.0000000000000000 0.0000000000000000 0.0520019531250000
0.0000000000000000 0.0000000000000000 0.0000000000000000 0.0522460937500000
0.0000000000000000 0.0000000000000000 0.0000000000000000 0.0491333007812500
0.0000000000000000 0.0000000000000000 0.0000000000000000 0.0457763671875000
0.0000000000000000 0.0000000000000000 0.0000000000000000 0.0333862304687500
0.0289916992187500 0.0000000000000000 0.0000000000000000 0.0054931640625000
0.0230712890625000 0.0000000000000000 0.0000000000000000 0.0022583007812500
0.0098876953125000 0.0000000000000000 0.0000000000000000 0.0126342773437500
0.0048217773437500 0.0000000000000000 0.0000000000000000 0.0172119140625000
0.0000000000000000 0.0000000000000000 0.0000000000000000 0.0128173828125000
0.0086059570312500 0.0000000000000000 0.0000000000000000 0.0224609375000000
0.1077880859375000 0.0000000000000000 0.0000000000000000 0.0075683593750000
0.4052124023437500 0.1348266601562500 0.0000000000000000 0.0000000000000000
0.4941406250000000 0.0000000000000000 0.0000000000000000 0.0000000000000000
0.2572631835937500 0.0000000000000000 0.0000000000000000 0.0000000000000000
0.0772705078125000 0.0000000000000000 0.0000000000000000 0.0000000000000000
0.0438232421875000 0.0000000000000000 0.0000000000000000 0.0000000000000000
0.1291503906250000 0.0000000000000000 0.0000000000000000 0.0000000000000000
0.2599487304687500 0.0000000000000000 0.0000000000000000 0.0000000000000000
0.2280273437500000 0.0000000000000000 0.0000000000000000 0.0000000000000000
0.2212524414062500 0.0000000000000000 0.0000000000000000 0.0000000000000000
0.2297973632812500 0.0000000000000000 0.0000000000000000 0.0000000000000000
0.2152709960937500 0.0000000000000000 0.0000000000000000 0.0000000000000000
0.1614379882812500 0.0000000000000000 0.0000000000000000 0.0000000000000000
0.0000000000000000 0.0000000000000000 0.0586547851562500 0.0000000000000000
0.0000000000000000 0.0000000000000000 0.0761718750000000 0.0000000000000000
0.0234375000000000 0.0000000000000000 0.0000000000000000 0.0078125000000000
0.1622314453125000 0.0000000000000000 0.0000000000000000 0.0732421875000000
0.2394409179687500 0.0000000000000000 0.0000000000000000 0.1918945312500000
0.0000000000000000 0.0000000000000000 0.0000000000000000 0.0580444335937500
0.0000000000000000 0.0000000000000000 0.0000000000000000 0.0537109375000000
0.0000000000000000 0.0000000000000000 0.0000000000000000 0.0490722656250000
0.0000000000000000 0.0000000000000000 0.0000000000000000 0.0533447265625000
0.0000000000000000 0.0000000000000000 0.0000000000000000 0.0467529296875000
0.0000000000000000 0.0000000000000000 0.0000000000000000 0.0434570312500000
0.0219726562500000 0.0000000000000000 0.0000000000000000 0.0010375976562500
0.0250244140625000 0.0000000000000000 0.0000000000000000 0.0000000000000000
0.0006713867187500 0.0000000000000000 0.0000000000000000 0.0120849609375000
0.0710449218750000 0.0000000000000000 0.0000000000000000 0.0016479492187500
0.2816772460937500 0.0000000000000000 0.0000000000000000 0.0000000000000000
0.5305175781250000 0.0000000000000000 0.0000000000000000 0.0253906250000000
0.6834106445312500 0.0000000000000000 0.0000000000000000 0.0000000000000000
0.5740966796875000 0.1075439453125000 0.0000000000000000 0.0000000000000000
0.3766479492187500 0.0000000000000000 0.0000000000000000 0.0000000000000000
0.0093994140625000 0.0000000000000000 0.0000000000000000 0.0000000000000000
0.0646362304687500 0.0000000000000000 0.0000000000000000 0.0000000000000000
0.0197143554687500 0.0603027343750000 0.0000000000000000 0.0000000000000000
0.0000000000000000 0.0000000000000000 0.0299682617187500 0.0000000000000000
0.0000000000000000 0.0000000000000000 0.0000000000000000 0.0000000000000000
0.0243530273437500 0.0000000000000000 0.0000000000000000 0.0000000000000000
0.0729370117187500 0.0000000000000000 0.0000000000000000 0.0000000000000000
0.0329589843750000 0.0000000000000000 0.0000000000000000 0.0000000000000000
0.0000000000000000 0.0000000000000000 0.0325317382812500 0.0000000000000000
0.0000000000000000 0.0000000000000000 0.0442504882812500 0.0000000000000000
0.0000000000000000 0.0000000000000000 0.1088867187500000 0.0000000000000000
0.0000000000000000 0.0000000000000000 0.0076293945312500 0.0000000000000000
0.1097412109375000 0.1639404296875000 0.0000000000000000 0.0000000000000000
0.2434082031250000 0.0000000000000000 0.0010375976562500 0.0000000000000000
0.1953125000000000 0.0000000000000000 0.0000000000000000 0.2598266601562500
0.2745971679687500 0.0000000000000000 0.0000000000000000 0.1190795898437500
0.0000000000000000 0.0000000000000000 0.0000000000000000 0.0466308593750000
0.0000000000000000 0.0000000000000000 0.0000000000000000 0.0485839843750000
0.0000000000000000 0.0000000000000000 0.0000000000000000 0.0520629882812500
0.0000000000000000 0.0000000000000000 0.0000000000000000 0.0498046875000000
0.0044555664062500 0.0000000000000000 0.0000000000000000 0.0446777343750000
0.0047607421875000 0.0000000000000000 0.0000000000000000 0.0000000000000000
0.0815429687500000 0.0000000000000000 0.0000000000000000 0.0000000000000000
0.2555541992187500 0.0000000000000000 0.0000000000000000 0.0000000000000000
0.5474853515625000 0.0000000000000000 0.0000000000000000 0.0000000000000000
0.6721801757812500 0.0000000000000000 0.0000000000000000 0.0000000000000000
0.5251464843750000 0.0000000000000000 0.0000000000000000 0.0000000000000000
0.3379516601562500 0.0306396484375000 0.0000000000000000 0.0000000000000000
0.3260498046875000 0.1387939453125000 0.0000000000000000 0.0000000000000000
0.1560058593750000 0.0000000000000000 0.0000000000000000 0.0000000000000000
0.0149536132812500 0.0000000000000000 0.0000000000000000 0.0000000000000000
0.0758056640625000 0.0000000000000000 0.0000000000000000 0.0000000000000000
0.0000000000000000 0.0421752929687500 0.0000000000000000 0.0000000000000000
0.0000000000000000 0.0000000000000000 0.0983886718750000 0.0000000000000000
0.0000000000000000 0.0000000000000000 0.0582275390625000 0.0000000000000000
0.0000000000000000 0.0000000000000000 0.0546264648437500 0.0000000000000000
0.0000000000000000 0.0000000000000000 0.0611572265625000 0.0000000000000000
0.0000000000000000 0.0000000000000000 0.1063842773437500 0.0000000000000000
0.0000000000000000 0.0000000000000000 0.1431274414062500 0.0000000000000000
0.0000000000000000 0.0000000000000000 0.0652465820312500 0.0000000000000000
0.0000000000000000 0.0000000000000000 0.0368652343750000 0.0000000000000000
0.0000000000000000 0.0000000000000000 0.0000000000000000 0.0000000000000000
0.1282958984375000 0.3227539062500000 0.0000000000000000 0.0000000000000000
0.3118896484375000 0.0000000000000000 0.0000000000000000 0.0000000000000000
0.0042114257812500 0.0000000000000000 0.0000000000000000 0.1563720703125000
0.1765136718750000 0.0000000000000000 0.0000000000000000 0.2185058593750000
0.0130615234375000 0.0000000000000000 0.0000000000000000 0.0513305664062500
0.0000000000000000 0.0000000000000000 0.0000000000000000 0.0476684570312500
0.0000000000000000 0.0000000000000000 0.0000000000000000 0.0446777343750000
0.0000000000000000 0.0000000000000000 0.0000000000000000 0.0464477539062500
0.0000000000000000 0.0000000000000000 0.0000000000000000 0.0421752929687500
0.3000488281250000 0.0000000000000000 0.0000000000000000 0.0000000000000000
0.5509033203125000 0.0000000000000000 0.0000000000000000 0.0000000000000000
0.6588134765625000 0.0000000000000000 0.0000000000000000 0.0000000000000000
0.5680541992187500 0.0000000000000000 0.0000000000000000 0.0000000000000000
0.3482666015625000 0.0000000000000000 0.0000000000000000 0.0000000000000000
0.0569458007812500 0.0000000000000000 0.0073852539062500 0.0000000000000000
0.0034179687500000 0.0000000000000000 0.0000000000000000 0.0000000000000000
0.1061401367187500 0.0184326171875000 0.0000000000000000 0.0000000000000000
0.1529541015625000 0.0000000000000000 0.0000000000000000 0.0000000000000000
0.0522460937500000 0.0000000000000000 0.0000000000000000 0.0000000000000000
0.0706787109375000 0.0000000000000000 0.0000000000000000 0.0000000000000000
0.0585327148437500 0.0000000000000000 0.0000000000000000 0.0000000000000000
0.0000000000000000 0.0000000000000000 0.0000000000000000 0.0000000000000000
0.0000000000000000 0.0000000000000000 0.0000000000000000 0.0000000000000000
0.0000000000000000 0.0000000000000000 0.0160522460937500 0.0000000000000000
0.0000000000000000 0.0000000000000000 0.0298461914062500 0.0000000000000000
0.0000000000000000 0.0000000000000000 0.0387573242187500 0.0000000000000000
0.0000000000000000 0.0000000000000000 0.0200805664062500 0.0000000000000000
0.0000000000000000 0.0000000000000000 0.0000000000000000 0.0000000000000000
0.0032958984375000 0.0000000000000000 0.0000000000000000 0.0000000000000000
0.0143432617187500 0.0000000000000000 0.0000000000000000 0.0000000000000000
0.1911621093750000 0.3234252929687500 0.0000000000000000 0.0000000000000000
0.2779541015625000 0.0029907226562500 0.0083618164062500 0.0000000000000000
0.0050659179687500 0.0000000000000000 0.0780029296875000 0.0930175781250000
0.0197753906250000 0.0000000000000000 0.0000000000000000 0.2568359375000000
0.2403564453125000 0.0000000000000000 0.0000000000000000 0.0998535156250000
0.0134277343750000 0.0000000000000000 0.0000000000000000 0.0543823242187500
0.0056152343750000 0.0000000000000000 0.0000000000000000 0.0484008789062500
0.0019531250000000 0.0000000000000000 0.0000000000000000 0.0415039062500000
0.0045166015625000 0.0000000000000000 0.0000000000000000 0.0418701171875000
