0000 0000 0000 0000
0000 0000 0000 0000
0000 0000 0000 0000
0000 0000 0000 0000
001b 0000 0000 0017
0284 0000 0000 0000
091e 0000 0000 0000
0c8a 0000 0000 0000
1021 0000 0000 0000
0e7a 0000 0000 0000
0d29 0000 0000 0000
11e5 0000 0000 0000
1223 0000 0000 0000
0ea1 0000 0000 0000
061d 0192 0000 0000
0000 0136 0559 0000
0000 0129 0543 0000
0000 004e 0453 0000
0000 01fc 0133 0000
0000 0000 0000 0000
0133 0000 0000 0000
0673 0000 0000 0000
054a 0000 0000 0000
029a 0000 0000 07fc
0622 0000 0000 0617
0000 0000 0000 0112
0000 0000 0000 00eb
0000 0000 0000 0102
0000 0000 0000 00d1
0000 0000 0000 00cd
0000 0000 0000 0000
0025 0000 0000 0000
0014 0000 0000 0000
0000 0000 0000 0000
00f4 0000 0000 0000
082d 0000 0000 0000
1035 0000 0000 0000
133d 0000 0000 0000
1241 0000 0000 0000
128a 0000 0000 0000
1388 0000 0000 0000
0a70 0000 0000 0000
0235 0000 01af 0000
0000 0000 0406 0000
0000 0000 06d1 0000
0000 0000 0858 0000
0000 01cc 0818 0000
0000 0134 096e 0000
0000 037f 0830 0000
0000 05de 0611 0000
0000 0411 0337 0000
0000 0000 0063 0000
026e 0000 0000 0000
0000 0000 0345 0628
0000 0000 0000 090e
0045 0000 0000 01c6
0000 0000 0000 012f
0000 0000 0000 00bc
0000 0000 0000 0105
0000 0000 0000 0138
0033 0000 0000 0000
0000 0000 0000 0000
0000 0000 0000 0000
0000 0000 0000 0000
0127 0000 0000 0000
0877 02e4 0000 0000
0e01 0287 0000 0000
104d 0000 0000 0000
0bb3 0000 0000 0000
029a 0000 0000 0000
0000 0000 06f9 0000
0000 0000 07b5 0000
0000 0000 07fe 0000
0000 0000 0675 0000
0000 0000 0514 0000
0000 0000 03b4 0000
0000 0000 0372 0000
0000 0000 0443 0000
0000 0000 061c 0000
0000 0268 0701 0000
0000 06ef 074c 0000
0000 043a 064c 0000
0000 0000 030d 0000
0000 0000 09f6 0352
0000 0000 0000 0a4a
0000 0000 0000 02cc
0000 0000 0000 0184
0000 0000 0000 00e2
0000 0000 0000 0155
0000 0000 0000 010c
0023 0000 0000 0000
0020 0000 0000 0000
0000 0000 0000 0000
0000 0000 0000 0000
01d7 0000 0000 0000
08ae 07f6 0000 0000
0dce 05a8 0000 0000
0901 0000 0000 0000
007a 0000 0378 0000
0000 0000 06a9 0000
0000 0000 05f1 0000
0000 0000 01c8 0000
0000 0000 0000 0000
0000 0000 0054 0000
0000 0000 0000 0000
0000 0000 0000 0000
0067 0000 0000 0000
0081 0000 0000 0000
009d 0000 0000 0000
0000 0000 006c 0000
0000 015f 03c9 0000
0000 0537 0754 0000
0000 0365 03ff 0000
0000 0000 0677 0000
002d 0000 0000 0a7f
0aaa 0000 0000 065e
0085 0000 0000 01ab
0000 0000 0000 0181
0000 0000 0000 017d
0000 0000 0000 0134
0000 0000 0000 0000
0000 0000 0000 0000
0010 0000 0000 0023
0038 0000 0000 0000
04ec 0000 0000 0000
0dfb 0a6c 0000 0000
12ed 0478 0000 0000
06c5 0000 0456 0000
0000 0000 0500 0000
0000 0000 0350 0000
0000 0000 005d 0000
0000 0000 0000 0000
00a5 0000 0000 0000
0065 0000 0000 0000
0079 0000 0000 0000
00ed 0000 0000 0000
0183 0000 0000 0000
023f 0000 0000 0000
011d 0000 0000 0000
0000 0000 0000 0000
0000 0000 0000 0000
0000 0000 02d6 0000
0000 0804 0000 0000
0015 0000 0031 0000
0487 0000 0000 0463
114d 0000 0000 0996
0af2 0000 0000 048d
0000 0000 0000 01db
0000 0000 0000 019d
0000 0000 0000 0191
0000 0000 0000 0000
0000 0000 0000 0000
0000 0000 0000 0000
0000 0000 0000 0000
030b 06fa 0000 0000
0c36 1166 0000 0000
0c70 0174 0000 0000
0000 0000 07a7 0000
0000 0000 012f 0000
0000 0000 0000 0000
0000 0000 0000 0000
008d 0000 0000 0000
004a 0000 0000 0000
0066 0000 0000 0000
0051 0000 0000 0000
012b 0000 0000 0000
0004 0000 0000 0000
0000 0000 0000 0000
0000 0000 0000 0000
0000 0000 0000 0000
0049 0000 0000 0000
0035 0000 0000 0000
0128 087d 0000 0000
041f 05b4 0000 0000
0370 0000 0000 0000
095f 0000 0000 0658
13e1 0000 0000 099e
0bb0 0000 0000 04a4
0000 0000 0000 0200
0000 0000 0000 01bf
0000 0000 0000 0000
0000 0000 0000 0000
0000 0000 0037 003b
0000 0000 0000 00a8
03bd 0d14 0000 0000
0dcf 12ea 0000 0000
0802 0000 053c 0000
0000 0000 05bc 0000
0000 0000 0000 0000
0000 0000 0000 0000
00ac 0000 0000 0000
0000 0000 0000 0000
0012 0000 0000 0000
00db 0000 0000 0000
00ae 0000 0000 0000
0000 0000 0000 0000
004c 0000 0000 0000
0000 0000 0000 0000
0000 0000 0000 0000
0000 0000 0000 0000
0000 0000 0000 0000
0000 0000 0000 0000
00bb 0500 0000 0000
0784 0c51 0000 0000
0591 0000 00f5 0000
0458 0000 0000 0000
0000 0000 0000 062a
02bd 0000 0000 08fd
0000 0000 0000 0271
0000 0000 0000 01d4
0000 0000 0000 0000
0000 0000 0000 0000
0000 0000 0000 008c
0000 0000 0000 0162
0689 1151 0000 0000
0f7b 12b4 0000 0000
0717 0000 045c 0000
0000 0000 0173 0000
0000 0000 0000 0000
011f 0000 0000 0000
0017 0000 0000 0000
0156 0000 0000 0000
019b 0000 0000 0000
00b6 0000 0000 0000
0045 0000 0000 0000
0119 0000 0000 0000
01e0 0000 0000 0000
02ce 0000 0000 0000
033b 0000 0000 0000
02f7 0000 0000 0000
02b4 0000 0000 0000
0000 0000 0000 0000
02cc 049e 0000 0000
0a2f 0cb3 0000 0000
0847 0000 00c9 0000
0000 0000 0239 0000
0000 0000 0c0e 06f0
0000 0000 0000 0ad7
0000 0000 0000 026e
0000 0000 0000 020f
0086 0000 0000 001b
0000 0000 0000 0000
0000 0000 0000 00eb
0000 0000 0000 00e4
0000 1089 0000 0000
02b1 1830 000c 0000
0000 0000 0f2e 0000
0000 0000 0000 0000
025d 0000 0000 0000
1124 0000 0000 0000
163c 0000 0000 0000
1502 0000 0000 0000
122b 0000 0000 0000
09c4 0000 0000 0000
0315 0000 0000 0000
0484 0000 0000 0000
0757 0000 0000 0000
0c3f 0000 0000 0000
10d8 0000 0000 0000
1174 0000 0000 0000
12e5 0000 0000 0000
0f69 0000 0000 0000
0c68 0021 0000 0000
098b 0c07 0000 0000
05f8 0000 0137 0000
0000 0000 0799 0000
0000 0000 0c6b 068e
0000 0000 0000 0a0c
0000 0000 0000 02c8
0000 0000 0000 0276
0000 0000 0000 0007
0000 0000 0000 0000
0000 0000 0000 0151
0000 0000 0000 0132
0000 015e 0000 0000
0245 1ad1 0000 0000
0000 0000 1338 0000
0000 0000 0000 0000
01ba 0000 0000 0000
08d2 0000 0000 0000
0824 0000 0000 0000
07ce 0000 0000 0000
053c 0000 0000 0000
04b2 0000 0000 0000
05ba 0000 0000 0000
04d3 0000 0000 0000
06e3 0000 0000 0000
0759 0000 0000 0000
06d9 0000 0000 0000
061d 0000 0000 0000
03dc 0000 0000 0000
00f1 0000 0000 0000
06d2 046e 0000 0000
0b6f 0639 0000 0000
00ca 0000 0225 0000
0000 0000 143e 0000
0000 0000 0c5a 08fa
0000 0000 01e6 0799
0000 0000 0000 02f1
0000 0000 0000 0253
0000 0000 0000 0039
0000 0000 0000 0000
0000 0000 0000 0158
0000 0000 0000 0172
0000 0000 0000 0076
0000 1674 0000 0000
0000 0000 1157 0000
0000 034b 0000 0000
0070 0323 00f4 0000
00c2 0000 0277 0000
0000 0000 0196 0000
0000 0000 01c5 0000
0000 0000 00b7 0000
002b 0000 0000 0000
017d 0000 0000 0000
01a0 0000 0000 0000
0522 00b8 0000 0000
0984 0000 0000 0000
0395 0000 002f 0000
0000 0000 00e5 0000
0000 0000 0418 0000
0000 0000 05a3 0000
0000 0000 0000 0000
0000 0a36 0086 0000
0000 0204 057d 0000
0000 0000 18ee 007f
0000 0000 01aa 0d5b
0000 0000 0012 0435
0000 0000 0000 02db
0000 0000 0000 0251
0000 0000 0000 008f
00db 0000 0000 0048
0000 0000 0000 0133
0000 0000 0000 0190
0000 0000 0000 0160
0000 0477 0000 0000
00d3 0000 04d9 0000
0000 058b 0000 0000
0732 0000 0000 0000
084b 0000 0000 0000
0f0f 0000 0000 0000
0f54 0000 0000 0000
0a30 0000 0000 0000
030f 0000 0000 0000
0041 0000 0000 0000
02c1 0000 0000 0000
070c 0086 0000 0000
07c0 0000 0000 0000
042c 0000 0000 0000
03a4 0000 0000 0000
0867 0000 0000 0000
00c8 0000 0000 0000
0000 0000 0328 0000
0000 077e 0000 0000
0000 01d3 0449 0000
0000 0000 140b 0550
0000 0000 0000 0e44
0000 0000 0000 0322
0000 0000 0000 02b4
0000 0000 0000 02bf
0000 0000 0000 0089
0000 0000 0000 0047
0000 0000 0000 01a1
0000 0000 0000 015d
004d 0000 0000 00ee
02b0 0000 0000 0000
0b47 00e6 0000 0000
0ceb 00ef 0000 0000
0648 041c 0000 0000
0166 01f5 0000 0000
0198 02f0 0000 0000
0000 0000 019d 0000
0000 0000 0591 0000
0000 0000 03d1 0000
0000 0000 0000 0000
0000 02e5 0000 0000
01d1 06b9 0000 0000
0000 0000 040d 0000
01af 0000 0000 0000
0268 0000 0000 0000
0061 0000 0000 0000
0000 0000 0000 0000
0000 0000 0000 0000
04c8 0b34 0000 0000
06a8 00f9 02a9 0000
0000 0000 1148 05dc
0000 0000 0000 0e46
0000 0000 0000 0311
0000 0000 0000 031a
0000 0000 0000 02cb
0000 0000 0000 008e
0000 0000 0000 00a2
0000 0000 0000 0158
0000 0000 0000 0167
0000 0000 0000 00a1
0108 0000 0000 0000
0000 047e 0000 0000
038e 05b9 0000 0000
0000 02f3 01a9 0000
0000 03c6 066f 0000
0000 02ce 0a40 0000
0000 0000 0b74 0000
0000 0000 0bc9 0000
0000 0000 0597 0000
0000 0000 00a6 0000
0000 0000 0083 0000
0000 0585 02e3 0000
0000 0000 062a 0000
0000 03b9 019b 0000
0000 0000 0837 0000
0000 0000 0785 0000
0000 0000 01af 0000
0000 0000 019b 0000
0000 0b25 0000 0000
00df 03ba 08f0 0000
0000 0000 16c0 04d1
0000 0000 0000 0d5f
0000 0000 0000 0388
0000 0000 0000 02ed
0000 0000 0000 0316
0000 0000 0000 0095
0000 0000 0000 00bf
0000 0000 0000 0122
0000 0000 0000 019a
0000 0000 0000 01e1
0000 0000 0000 0000
0000 0677 0000 0000
0000 00ab 03d5 0000
0000 0000 0000 0000
0000 0000 023a 0000
0000 0000 04f1 0000
0000 0000 062d 0000
0000 0000 06af 0000
0000 0000 017e 0000
0000 0000 0000 0000
0000 0000 0000 0000
0000 002a 0000 0000
0000 0030 055f 0000
0000 0000 06b4 0000
0000 0000 0642 0000
0000 0000 05cc 0000
0000 0000 02e7 0000
0000 0000 023e 0000
0000 032a 0000 0000
0000 0000 1369 0000
0000 0000 1788 03f6
0000 0000 01ad 09d6
0000 0000 0000 0370
0000 0000 0000 030d
0000 0000 0000 0306
0000 0000 0000 00e7
0000 0000 0000 0085
0000 0000 0000 015c
0000 0000 0000 01cd
0000 0000 0000 0233
0000 0000 0000 016b
0396 0884 0000 0000
05e0 0011 01c1 0000
0163 0000 0000 0000
0000 0000 0000 0000
0000 0000 008a 0000
0000 0000 0173 0000
0000 0000 00cc 0000
0000 0000 0000 0000
0000 0000 0000 0000
0019 0000 0000 0000
0000 0000 0000 0000
0191 0000 0000 0000
0000 0000 0000 0000
0000 0000 0000 0000
0000 0000 00d3 0000
0000 0000 0120 0000
0000 0000 0007 0000
0000 0000 0000 0000
0000 0000 0f9a 0000
0000 0000 04ff 098e
0000 0000 00c6 051b
0000 0000 0000 0378
0000 0000 0000 0322
0000 0000 0000 02c3
0000 0000 0000 00d1
0000 0000 0000 0075
0000 0000 0000 016b
0000 0000 0000 01e2
0000 0000 0000 0222
0000 0000 0000 0232
03b8 0a04 0000 0000
08c6 0032 00f7 0000
0206 0000 0000 0000
0206 0000 0000 0000
00d5 0000 0000 0000
014a 0000 0000 0000
072f 0000 0000 0000
0e5b 0000 0000 0000
0f05 0000 0000 0000
0802 0000 0000 0000
0986 0000 0000 0000
0893 0000 0000 0000
025c 0000 0000 0000
00b4 0000 0000 0000
0000 0000 0000 0000
0000 0000 0058 0000
0000 0000 0000 0000
02f2 0000 0000 0000
0000 0000 0bbf 0276
0000 0000 0000 0b6c
0000 0000 0000 0344
0000 0000 0000 0382
0000 0000 0000 0317
0000 0000 0000 033a
0000 0000 0000 00de
0000 0000 0000 0064
0000 0000 0000 015d
0000 0000 0000 01d4
0000 0000 0000 0222
0000 0000 0000 0266
0369 0a8e 0000 0000
094a 0103 0096 0000
0209 0000 0000 0000
02fe 0000 0000 0000
01b7 0000 0000 0000
02b2 0000 0000 0000
06d7 024f 0000 0000
0581 0000 0000 0000
0437 0000 0000 0000
0826 0000 0000 0000
0773 0000 0000 0000
0655 0000 0000 0000
02b9 0000 0000 0000
00cf 0000 0000 0000
0007 0000 0000 0000
0000 0000 0000 0000
0000 0000 0000 0000
0000 0000 0000 0000
0000 0000 0eb5 0433
0000 0000 0000 094b
0000 0000 0000 0343
0000 0000 0000 0398
0014 0000 0000 0380
0000 0000 0000 031f
0000 0000 0000 00f5
0043 0000 0000 0092
0000 0000 0000 0173
0000 0000 0000 01c7
0000 0000 0000 023a
0000 0000 0000 0293
04df 0ac1 0000 0000
0b02 01e6 0000 0000
032e 0000 0000 0000
023d 0000 0000 0000
0228 0000 0000 0000
02bb 0000 0000 0000
0338 02f3 0000 0000
0264 0000 04fa 0000
0000 0000 0000 0000
04bf 0000 0000 0000
0450 0000 0000 0000
00c1 0000 0000 0000
0126 0000 0000 0000
0000 0000 0000 0000
0000 0000 0000 0000
00e6 0000 0000 0000
00bf 0000 0000 0000
0000 0000 07e1 0000
0000 0000 0704 0739
0000 0000 0000 06e6
0000 0000 0000 032e
0000 0000 0000 034e
0000 0000 0000 0329
0000 0000 0000 0315
0000 0000 0000 00f5
006e 0000 0000 007b
0000 0000 0000 016a
0000 0000 0000 01b8
0000 0000 0000 01ff
0000 0000 0000 0269
05c4 0c55 0000 0000
0c4c 0208 0000 0000
048e 0000 0000 0000
02ff 0000 0000 0000
0401 0000 0000 0000
057c 0000 0000 0000
04d2 0000 0000 0000
030c 0000 0000 0000
0224 0000 0000 0000
0263 0000 0000 0000
019e 0000 0000 0000
0000 0000 0000 0000
022d 0000 0000 0000
0182 0000 0000 0000
0000 0000 0000 0000
000b 0000 0000 0000
045d 0000 0000 0000
002c 0000 096d 01ba
0000 0000 0000 0b12
0000 0000 0000 04ea
0000 0000 0000 034f
0000 0000 0000 0330
0000 0000 0000 0365
0000 0000 0000 032a
0000 0000 0000 00d8
0049 0000 0000 0057
0000 0000 0000 0166
0000 0000 0000 01a3
0000 0000 0000 01e4
0000 0000 0000 0230
004a 09e3 0000 0000
0168 0945 011e 0000
0000 0000 039a 0000
03b6 0000 0000 0000
042d 0000 0000 0000
05df 0000 0000 0000
087a 0000 0000 0000
073b 0000 0000 0000
081a 0000 0000 0000
0676 0000 0000 0000
0691 0000 0000 0000
05dc 0000 0000 0000
0491 0000 0000 0000
01a2 0000 0000 0000
0155 0000 0000 0000
00fd 0000 0000 0000
049b 0000 0000 0000
016b 0000 0c4f 02be
0000 0000 0000 0c50
0000 0000 0000 043e
0007 0000 0000 03e5
009b 0000 0000 03c1
0000 0000 0000 032b
0000 0000 0000 0314
0013 0000 0000 00d3
00ee 0000 0000 0060
0000 0000 0000 0157
0000 0000 0000 0193
0000 0000 0000 01dd
0000 0000 0000 01f0
0000 0000 0000 0000
0205 0e77 0000 0000
0000 0000 0637 0000
02ff 0000 0000 0000
05de 0000 0000 0000
0659 0000 0000 0000
03c7 0000 0000 0000
0177 0000 0000 0000
009d 0000 0000 0000
009a 0000 0000 0000
00a7 0000 0000 0000
00eb 0000 0000 0000
02a6 0000 0000 0000
027a 0000 0000 0000
039a 0000 0000 0000
0467 0000 0000 0000
0000 0000 03b7 0000
0000 0000 128b 0225
0000 0000 003b 0aa1
0000 0000 0000 0390
0000 0000 0000 039c
0000 0000 0000 031d
0093 0000 0000 0360
0000 0000 0000 0314
0000 0000 0000 0098
0092 0000 0000 002d
0000 0000 0000 0132
0000 0000 0000 0198
0000 0000 0000 01cd
0000 0000 0000 01e3
0000 0000 0000 0207
04b4 100d 0000 0000
0844 034c 03a5 0000
0000 0000 0000 0000
04db 0000 0000 0000
02c4 0000 0000 0000
003b 0000 0000 0000
0000 0000 0000 0000
0000 0000 0000 0000
0000 0000 0242 0000
0000 0000 000a 0000
0000 0000 01ae 0000
0000 0000 0000 0000
01c4 0000 0000 0000
059f 0000 0000 0000
02de 0000 0000 0000
0000 0000 0ced 0000
0000 0000 0889 0966
0000 0000 0192 05b4
0000 0000 0000 03bd
0000 0000 0000 030f
0000 0000 0000 030e
0000 0000 0000 036d
0000 0000 0000 02db
0001 0000 0000 008e
0096 0000 0000 0020
0000 0000 0000 0112
000f 0000 0000 016f
0015 0000 0000 01ad
00b1 0000 0000 01fc
0072 0000 0000 0213
0000 0868 0000 0000
0238 0b65 0000 0000
0000 05a7 0077 0000
06cd 0000 0000 0000
0334 0000 0000 0000
0304 0000 0000 0000
053c 0000 0000 0000
068e 0000 0000 0000
06d1 0000 0000 0000
046e 0000 0000 0000
0523 0000 0000 0000
02e9 0000 0000 0000
0269 0000 0000 0000
0698 0000 0000 0000
013b 0000 0842 0000
0000 0000 0c77 0532
0000 0000 004d 093e
0000 0000 0000 03f0
0000 0000 0000 03e7
00cb 0000 0000 030c
0062 0000 0000 0330
0000 0000 0000 036e
0000 0000 0000 02c0
00f0 0000 0000 007f
0141 0000 0000 0079
0000 0000 0000 00c2
0000 0000 0000 011a
0000 0000 0000 0166
0000 0000 0000 0179
005a 0000 0000 01df
0000 0000 0000 0000
0635 0dab 0000 0000
01b0 0503 00f1 0000
00b5 0000 0000 0000
00d0 0000 0000 0000
00d9 0000 0000 0000
0000 0000 0000 0000
0000 0000 0253 0000
0000 0000 00ca 0000
0000 0000 0000 0000
0192 0000 0000 0000
02b6 0000 0000 0000
055c 0000 0000 0000
0178 0000 0000 0000
0000 0000 103d 0000
0000 0000 0957 0a5a
0000 0000 0151 05b3
0000 0000 0000 03b8
0000 0000 0000 0320
0000 0000 0000 030d
0000 0000 0000 02e4
0000 0000 0000 0323
00b1 0000 0000 02e4
0117 0000 0000 0091
00d5 0000 0000 004f
00c0 0000 0000 00b0
0000 0000 0000 0114
0000 0000 0000 013c
0000 0000 0000 013d
0000 0000 0000 01e4
0951 0000 0000 0000
1492 042e 0000 0000
1877 0000 0000 0000
0067 0000 0000 0000
0104 0000 0000 0000
0492 0000 0000 0000
0356 0000 0000 0000
03c6 0000 0000 0000
0037 0000 0000 0000
0275 0000 0000 0000
04a6 0000 0000 0000
05a9 0000 0000 0000
036a 0000 0000 0000
0000 0000 05b7 0000
0000 0000 0400 065c
0000 0000 0000 0aa3
0905 0000 0000 0675
0000 0000 0000 035d
0000 0000 0000 0354
0000 0000 0000 0358
0000 0000 0000 0325
0000 0000 0000 02ee
0000 0000 0000 0223
01db 0000 0000 005a
017a 0000 0000 0025
00a2 0000 0000 00cf
004f 0000 0000 011a
0000 0000 0000 00d2
008d 0000 0000 0170
06e6 0000 0000 007c
19ef 08a1 0000 0000
1fa0 0000 0000 0000
1077 0000 0000 0000
04f2 0000 0000 0000
02ce 0000 0000 0000
0844 0000 0000 0000
10a3 0000 0000 0000
0e98 0000 0000 0000
0e29 0000 0000 0000
0eb5 0000 0000 0000
0dc7 0000 0000 0000
0a55 0000 0000 0000
0000 0000 03c1 0000
0000 0000 04e0 0000
0180 0000 0000 0080
0a62 0000 0000 04b0
0f53 0000 0000 0c48
0000 0000 0000 03b7
0000 0000 0000 0370
0000 0000 0000 0324
0000 0000 0000 036a
0000 0000 0000 02fe
0000 0000 0000 02c8
0168 0000 0000 0011
019a 0000 0000 0000
000b 0000 0000 00c6
048c 0000 0000 001b
1207 0000 0000 0000
21f4 0000 0000 01a0
2bbd 0000 0000 0000
24be 06e2 0000 0000
181b 0000 0000 0000
009a 0000 0000 0000
0423 0000 0000 0000
0143 03dc 0000 0000
0000 0000 01eb 0000
0000 0000 0000 0000
018f 0000 0000 0000
04ab 0000 0000 0000
021c 0000 0000 0000
0000 0000 0215 0000
0000 0000 02d5 0000
0000 0000 06f8 0000
0000 0000 007d 0000
0706 0a7e 0000 0000
0f94 0000 0011 0000
0c80 0000 0000 10a1
1193 0000 0000 079f
0000 0000 0000 02fc
0000 0000 0000 031c
0000 0000 0000 0355
0000 0000 0000 0330
0049 0000 0000 02dc
004e 0000 0000 0000
0538 0000 0000 0000
105b 0000 0000 0000
230a 0000 0000 0000
2b05 0000 0000 0000
219c 0000 0000 0000
15a1 01f6 0000 0000
14de 08e2 0000 0000
09fc 0000 0000 0000
00f5 0000 0000 0000
04da 0000 0000 0000
0000 02b3 0000 0000
0000 0000 064c 0000
0000 0000 03ba 0000
0000 0000 037f 0000
0000 0000 03ea 0000
0000 0000 06cf 0000
0000 0000 0929 0000
0000 0000 042d 0000
0000 0000 025c 0000
0000 0000 0000 0000
0836 14a8 0000 0000
13f6 0000 0000 0000
0045 0000 0000 0a02
0b4c 0000 0000 0dfc
00d6 0000 0000 0349
0000 0000 0000 030d
0000 0000 0000 02dc
0000 0000 0000 02f9
0000 0000 0000 02b3
1334 0000 0000 0000
2342 0000 0000 0000
2a2a 0000 0000 0000
245b 0000 0000 0000
164a 0000 0000 0000
03a5 0000 0079 0000
0038 0000 0000 0000
06cb 012e 0000 0000
09ca 0000 0000 0000
0358 0000 0000 0000
0486 0000 0000 0000
03bf 0000 0000 0000
0000 0000 0000 0000
0000 0000 0000 0000
0000 0000 0107 0000
0000 0000 01e9 0000
0000 0000 027b 0000
0000 0000 0149 0000
0000 0000 0000 0000
0036 0000 0000 0000
00eb 0000 0000 0000
0c3c 14b3 0000 0000
11ca 0031 0089 0000
0053 0000 04fe 05f4
0144 0000 0000 1070
0f62 0000 0000 0664
00dc 0000 0000 037b
005c 0000 0000 0319
0020 0000 0000 02a8
004a 0000 0000 02ae
