0.0000000000000000 0.0000000000000000 0.0000000000000000 0.0000000000000000
0.0000000000000000 0.0000000000000000 0.0000000000000000 0.0000595096955258
0.0000000000000000 0.0000000000000000 0.0000000000000000 0.0000000000000000
0.0000000000000000 0.0000000000000000 0.0000000000000000 0.0000000000000000
0.0023324141169294 0.0000000000000000 0.0000000000000000 0.0098222983544509
0.0381083886851282 0.0000000000000000 0.0000000000000000 0.0000000000000000
0.1440249060152791 0.0000000000000000 0.0000000000000000 0.0000000000000000
0.1975115006314774 0.0000000000000000 0.0000000000000000 0.0000000000000000
0.2542796867589155 0.0000000000000000 0.0000000000000000 0.0000000000000000
0.2292741608824217 0.0000000000000000 0.0000000000000000 0.0000000000000000
0.2067172322641400 0.0000000000000000 0.0000000000000000 0.0000000000000000
0.2824639895821320 0.0000000000000000 0.0000000000000000 0.0000000000000000
0.2841708530836246 0.0000000000000000 0.0000000000000000 0.0000000000000000
0.2297726915017062 0.0000000000000000 0.0000000000000000 0.0000000000000000
0.0970064622368299 0.0245736817591915 0.0000000000000000 0.0000000000000000
0.0000000000000000 0.0228416580122476 0.0808023758305638 0.0000000000000000
0.0000000000000000 0.0172692166312652 0.0806208907681353 0.0000000000000000
0.0000000000000000 0.0071630655769624 0.0630860917197139 0.0000000000000000
0.0000000000000000 0.0294053440950081 0.0185701813329669 0.0000000000000000
0.0000000000000000 0.0000000000000000 0.0000000000000000 0.0000000000000000
0.0221617790267748 0.0000000000000000 0.0000000000000000 0.0000000000000000
0.1040671818834893 0.0000000000000000 0.0000000000000000 0.0000000000000000
0.0849376839019505 0.0000000000000000 0.0000000000000000 0.0000983489604265
0.0404112958878863 0.0000000000000000 0.0000000000000000 0.1313926208892143
0.0981372129537311 0.0000000000000000 0.0000000000000000 0.1034709228020088
0.0000000000000000 0.0000000000000000 0.0000000000000000 0.0264737707708834
0.0000000000000000 0.0000000000000000 0.0000000000000000 0.0235316125858649
0.0000000000000000 0.0000000000000000 0.0000000000000000 0.0258813169803105
0.0000000000000000 0.0000000000000000 0.0000000000000000 0.0213251730445407
0.0000000000000000 0.0000000000000000 0.0000000000000000 0.0205678939947165
0.0015224101934948 0.0000000000000000 0.0000000000000000 0.0000000000000000
0.0041348790275116 0.0000000000000000 0.0000000000000000 0.0029239553008594
0.0000000000000000 0.0000000000000000 0.0000000000000000 0.0000000000000000
0.0000000000000000 0.0000000000000000 0.0000000000000000 0.0000000000000000
0.0175490678963708 0.0000000000000000 0.0000000000000000 0.0016562550036492
0.1270972323037831 0.0000000000000000 0.0000000000000000 0.0000000000000000
0.2537611695335190 0.0000000000000000 0.0000000000000000 0.0000000000000000
0.3025075222785566 0.0000000000000000 0.0000000000000000 0.0000000000000000
0.2858862770976971 0.0000000000000000 0.0000000000000000 0.0000000000000000
0.2939146971439615 0.0000000000000000 0.0000000000000000 0.0000000000000000
0.3060762654770822 0.0000000000000000 0.0000000000000000 0.0000000000000000
0.1649800752746124 0.0000000000000000 0.0000000000000000 0.0000000000000000
0.0386013099814163 0.0000000000000000 0.0259618166030622 0.0000000000000000
0.0000000000000000 0.0000000000000000 0.0641908902747958 0.0000000000000000
0.0000000000000000 0.0000000000000000 0.1059075535147214 0.0000000000000000
0.0000000000000000 0.0000000000000000 0.1320761122101662 0.0000000000000000
0.0000000000000000 0.0307930879660097 0.1261182408195500 0.0000000000000000
0.0000000000000000 0.0233834217795554 0.1489985295735737 0.0000000000000000
0.0000000000000000 0.0548228393509692 0.1287508086904007 0.0000000000000000
0.0000000000000000 0.0956439567181994 0.0923541651417812 0.0000000000000000
0.0000000000000000 0.0668999130015864 0.0496991647078711 0.0000000000000000
0.0000000000000000 0.0000000000000000 0.0080809130461192 0.0000000000000000
0.0353406051648597 0.0000000000000000 0.0000000000000000 0.0000000000000000
0.0000000000000000 0.0000000000000000 0.0517886041718371 0.1016406814403394
0.0018235556489112 0.0000000000000000 0.0000000000000000 0.1501647825973730
0.0058020122349261 0.0000000000000000 0.0000000000000000 0.0361040394734957
0.0000000000000000 0.0000000000000000 0.0000000000000000 0.0290008063355059
0.0000000000000000 0.0000000000000000 0.0000000000000000 0.0210741061187695
0.0000000000000000 0.0000000000000000 0.0000000000000000 0.0233401929703997
0.0000000000000000 0.0000000000000000 0.0000000000000000 0.0265255656933375
0.0064955254834073 0.0000000000000000 0.0000000000000000 0.0000000000000000
0.0000000000000000 0.0000000000000000 0.0000000000000000 0.0030263196311746
0.0000000000000000 0.0000000000000000 0.0000000000000000 0.0001604602708682
0.0000000000000000 0.0000000000000000 0.0000000000000000 0.0008600627254768
0.0188295605574169 0.0000000000000000 0.0000000000000000 0.0000000000000000
0.1334428137277857 0.0424505774223921 0.0000000000000000 0.0000000000000000
0.2228466783522391 0.0398966291152379 0.0000000000000000 0.0000000000000000
0.2575042453904947 0.0000000000000000 0.0000000000000000 0.0000000000000000
0.1843216632949370 0.0000000000000000 0.0000000000000000 0.0000000000000000
0.0354360766124492 0.0000000000000000 0.0000000000000000 0.0000000000000000
0.0000000000000000 0.0000000000000000 0.1082946218184981 0.0000000000000000
0.0000000000000000 0.0000000000000000 0.1196192207143587 0.0000000000000000
0.0000000000000000 0.0000000000000000 0.1236454117604915 0.0000000000000000
0.0000000000000000 0.0000000000000000 0.0998708336887991 0.0000000000000000
0.0000000000000000 0.0000000000000000 0.0759741550567103 0.0000000000000000
0.0000000000000000 0.0000000000000000 0.0585831081019897 0.0000000000000000
0.0000000000000000 0.0000000000000000 0.0523205254373013 0.0000000000000000
0.0000000000000000 0.0000000000000000 0.0697440340092370 0.0000000000000000
0.0000000000000000 0.0000000000000000 0.0938552971783222 0.0000000000000000
0.0000000000000000 0.0421413673854926 0.1108066786299734 0.0000000000000000
0.0000000000000000 0.1111805312408536 0.1150460646359944 0.0000000000000000
0.0000000000000000 0.0670276479612963 0.0990842381455734 0.0000000000000000
0.0000000000000000 0.0000000000000000 0.0474164713831509 0.0000000000000000
0.0000000000000000 0.0000000000000000 0.1567849153689309 0.0581174839543654
0.0000000000000000 0.0000000000000000 0.0000000000000000 0.1678147013207862
0.0000000000000000 0.0000000000000000 0.0000000000000000 0.0519837551768504
0.0000000000000000 0.0000000000000000 0.0000000000000000 0.0326678044235735
0.0000000000000000 0.0000000000000000 0.0000000000000000 0.0228550461650479
0.0000000000000000 0.0000000000000000 0.0000000000000000 0.0300572995899939
0.0000000000000000 0.0000000000000000 0.0000000000000000 0.0251196476448254
0.0004616135913951 0.0000000000000000 0.0000000000000000 0.0000000000000000
0.0001377203739157 0.0000000000000000 0.0000000000000000 0.0004954532336663
0.0000000000000000 0.0000000000000000 0.0000000000000000 0.0054244852003952
0.0000000000000000 0.0000000000000000 0.0000000000000000 0.0031546440066806
0.0300442486855330 0.0000000000000000 0.0000000000000000 0.0000000000000000
0.1370771670896633 0.1228202054240540 0.0000000000000000 0.0000000000000000
0.2208355654542353 0.0909212648503336 0.0000000000000000 0.0000000000000000
0.1444667513902282 0.0000000000000000 0.0000000000000000 0.0000000000000000
0.0085319374560141 0.0000000000000000 0.0555374609269932 0.0000000000000000
0.0000000000000000 0.0000000000000000 0.1062424960820114 0.0000000000000000
0.0000000000000000 0.0000000000000000 0.0933802723592403 0.0000000000000000
0.0000000000000000 0.0000000000000000 0.0310595874108520 0.0000000000000000
0.0000000000000000 0.0000000000000000 0.0000000000000000 0.0000000000000000
0.0000000000000000 0.0000000000000000 0.0035301962830857 0.0000000000000000
0.0000000000000000 0.0000000000000000 0.0000000000000000 0.0000000000000000
0.0000000000000000 0.0000000000000000 0.0000000000000000 0.0000000000000000
0.0051613570282272 0.0000000000000000 0.0000000000000000 0.0000000000000000
0.0097595932875193 0.0000000000000000 0.0000000000000000 0.0000000000000000
0.0076133852934136 0.0000000000000000 0.0000000000000000 0.0000000000000000
0.0000000000000000 0.0000000000000000 0.0104000477229849 0.0000000000000000
0.0000000000000000 0.0258109150198745 0.0585893262762065 0.0000000000000000
0.0000000000000000 0.0848247888991062 0.1135141170346270 0.0000000000000000
0.0000000000000000 0.0516708000544824 0.0624262917202478 0.0000000000000000
0.0000000000000000 0.0000000000000000 0.1003672358963419 0.0000000000000000
0.0030173210390642 0.0000000000000000 0.0000000000000000 0.1710200939911838
0.1653195254796861 0.0000000000000000 0.0000000000000000 0.1069291158433199
0.0070478274395651 0.0000000000000000 0.0000000000000000 0.0344130710716926
0.0000000000000000 0.0000000000000000 0.0000000000000000 0.0338765494726306
0.0000000000000000 0.0000000000000000 0.0000000000000000 0.0329464185343799
0.0000000000000000 0.0000000000000000 0.0000000000000000 0.0272992319190035
0.0000000000000000 0.0000000000000000 0.0000000000000000 0.0000000000000000
0.0000000000000000 0.0000000000000000 0.0000000000000000 0.0000000000000000
0.0013613786037062 0.0000000000000000 0.0000000000000000 0.0079611680780848
0.0010456675846202 0.0000000000000000 0.0000000000000000 0.0062056572833921
0.0759980945464444 0.0000000000000000 0.0000000000000000 0.0000000000000000
0.2172643028491852 0.1646263082456940 0.0000000000000000 0.0000000000000000
0.2938455329075749 0.0738887119161732 0.0000000000000000 0.0000000000000000
0.1034466795331123 0.0000000000000000 0.0700642563475698 0.0000000000000000
0.0000000000000000 0.0000000000000000 0.0788668808764686 0.0000000000000000
0.0000000000000000 0.0000000000000000 0.0517981401772475 0.0000000000000000
0.0000000000000000 0.0000000000000000 0.0047502403165780 0.0000000000000000
0.0000000000000000 0.0000000000000000 0.0000000000000000 0.0000000000000000
0.0066802018851626 0.0000000000000000 0.0000000000000000 0.0000000000000000
0.0033860310473864 0.0000000000000000 0.0000000000000000 0.0000000000000000
0.0040630207780529 0.0000000000000000 0.0000000000000000 0.0000000000000000
0.0131850017490340 0.0000000000000000 0.0000000000000000 0.0000000000000000
0.0219179426776428 0.0000000000000000 0.0000000000000000 0.0000000000000000
0.0333202648834854 0.0000000000000000 0.0000000000000000 0.0000000000000000
0.0150825182450753 0.0000000000000000 0.0000000000000000 0.0000000000000000
0.0000000000000000 0.0000000000000000 0.0000000000000000 0.0000000000000000
0.0000000000000000 0.0000000000000000 0.0000000000000000 0.0000000000000000
0.0000000000000000 0.0000000000000000 0.0437624255670052 0.0000000000000000
0.0000000000000000 0.1247151221933902 0.0000000000000000 0.0000000000000000
0.0004621661030779 0.0000000000000000 0.0021699721249295 0.0000000000000000
0.0740726063502770 0.0000000000000000 0.0000000000000000 0.0742267802795943
0.2733659406941310 0.0000000000000000 0.0000000000000000 0.1561129212580329
0.1739806736655093 0.0000000000000000 0.0000000000000000 0.0803858268586005
0.0000000000000000 0.0000000000000000 0.0000000000000000 0.0377179069261924
0.0000000000000000 0.0000000000000000 0.0000000000000000 0.0338993103097320
0.0000000000000000 0.0000000000000000 0.0000000000000000 0.0342318464673178
0.0000000000000000 0.0000000000000000 0.0000000000000000 0.0000000000000000
0.0000000000000000 0.0000000000000000 0.0000000000000000 0.0000000000000000
0.0000000000000000 0.0000000000000000 0.0000000000000000 0.0047173500517566
0.0000000000000000 0.0000000000000000 0.0000000000000000 0.0057010891335997
0.0479174803723307 0.1108626711529260 0.0000000000000000 0.0000000000000000
0.1893065773827189 0.2731795525214836 0.0000000000000000 0.0000000000000000
0.1893146774786361 0.0261136146371856 0.0000000000000000 0.0000000000000000
0.0000000000000000 0.0000000000000000 0.1235062283482037 0.0000000000000000
0.0000000000000000 0.0000000000000000 0.0189750239399134 0.0000000000000000
0.0000000000000000 0.0000000000000000 0.0000000000000000 0.0000000000000000
0.0000000000000000 0.0000000000000000 0.0000000000000000 0.0000000000000000
0.0096588428552244 0.0000000000000000 0.0000000000000000 0.0000000000000000
0.0059205864428305 0.0000000000000000 0.0000000000000000 0.0000000000000000
0.0076452270296275 0.0000000000000000 0.0000000000000000 0.0000000000000000
0.0021421642718361 0.0000000000000000 0.0000000000000000 0.0000000000000000
0.0164692967399662 0.0000000000000000 0.0000000000000000 0.0000000000000000
0.0015474387097592 0.0000000000000000 0.0000000000000000 0.0000000000000000
0.0000000000000000 0.0000000000000000 0.0000000000000000 0.0000000000000000
0.0000000000000000 0.0000000000000000 0.0000000000000000 0.0000000000000000
0.0000000000000000 0.0000000000000000 0.0000000000000000 0.0000000000000000
0.0065180899319695 0.0000000000000000 0.0000000000000000 0.0000000000000000
0.0054323020372904 0.0000000000000000 0.0000000000000000 0.0000000000000000
0.0167853077106615 0.1320149947103916 0.0000000000000000 0.0000000000000000
0.0637536672838762 0.0904964025333231 0.0000000000000000 0.0000000000000000
0.0600584917646997 0.0000000000000000 0.0000000000000000 0.0000000000000000
0.1528518329502320 0.0000000000000000 0.0000000000000000 0.1039164792107163
0.3110346138331236 0.0000000000000000 0.0000000000000000 0.1580127234461114
0.1837267396935060 0.0000000000000000 0.0000000000000000 0.0808315247151197
0.0000000000000000 0.0000000000000000 0.0000000000000000 0.0394275840317063
0.0000000000000000 0.0000000000000000 0.0000000000000000 0.0369204625615156
0.0000000000000000 0.0000000000000000 0.0000000000000000 0.0000000000000000
0.0000000000000000 0.0000000000000000 0.0000000000000000 0.0000000000000000
0.0000000000000000 0.0000000000000000 0.0038662877737308 0.0100618706486535
0.0000000000000000 0.0000000000000000 0.0000000000000000 0.0186132235233397
0.0552799641939940 0.2078375171723904 0.0000000000000000 0.0000000000000000
0.2163777155472952 0.2973751200107382 0.0000000000000000 0.0000000000000000
0.1247388225414005 0.0000000000000000 0.0783306531462015 0.0000000000000000
0.0000000000000000 0.0000000000000000 0.0882946858657341 0.0000000000000000
0.0000000000000000 0.0000000000000000 0.0000000000000000 0.0000000000000000
0.0000000000000000 0.0000000000000000 0.0000000000000000 0.0000000000000000
0.0087191260182390 0.0000000000000000 0.0000000000000000 0.0000000000000000
0.0000000000000000 0.0000000000000000 0.0000000000000000 0.0000000000000000
0.0007136217957616 0.0000000000000000 0.0000000000000000 0.0000000000000000
0.0128269491096336 0.0000000000000000 0.0000000000000000 0.0000000000000000
0.0124801129540975 0.0000000000000000 0.0000000000000000 0.0000000000000000
0.0000000000000000 0.0000000000000000 0.0000000000000000 0.0000000000000000
0.0065334458415415 0.0000000000000000 0.0000000000000000 0.0000000000000000
0.0000000000000000 0.0000000000000000 0.0000000000000000 0.0000000000000000
0.0000000000000000 0.0000000000000000 0.0000000000000000 0.0000000000000000
0.0000000000000000 0.0000000000000000 0.0000000000000000 0.0000000000000000
0.0000000000000000 0.0000000000000000 0.0000000000000000 0.0000000000000000
0.0000000000000000 0.0000000000000000 0.0000000000000000 0.0000000000000000
0.0132144155893839 0.0811041014670741 0.0000000000000000 0.0000000000000000
0.1178287152420071 0.1962614966739042 0.0000000000000000 0.0000000000000000
0.0896995094330872 0.0000000000000000 0.0136909582962592 0.0000000000000000
0.0699033362462240 0.0000000000000000 0.0000000000000000 0.0000000000000000
0.0000000000000000 0.0000000000000000 0.0000000000000000 0.1045062042316239
0.0440905314888438 0.0000000000000000 0.0000000000000000 0.1497152311563053
0.0000000000000000 0.0000000000000000 0.0000000000000000 0.0458658879659340
0.0000000000000000 0.0000000000000000 0.0000000000000000 0.0374896762052587
0.0000000000000000 0.0000000000000000 0.0000000000000000 0.0014286517329953
0.0000000000000000 0.0000000000000000 0.0000000000000000 0.0009269309686680
0.0000000000000000 0.0000000000000000 0.0000000000000000 0.0158084415903717
0.0000000000000000 0.0000000000000000 0.0000000000000000 0.0312007338721670
0.1028952556351821 0.2733712407084657 0.0000000000000000 0.0000000000000000
0.2441046974676498 0.2925075151829743 0.0000000000000000 0.0000000000000000
0.1152857379440000 0.0000000000000000 0.0630315175754767 0.0000000000000000
0.0000000000000000 0.0000000000000000 0.0222517830922323 0.0000000000000000
0.0000000000000000 0.0000000000000000 0.0000000000000000 0.0000000000000000
0.0185297496616841 0.0000000000000000 0.0000000000000000 0.0000000000000000
0.0002373282085448 0.0000000000000000 0.0000000000000000 0.0000000000000000
0.0194179386338768 0.0000000000000000 0.0000000000000000 0.0000000000000000
0.0254064629913546 0.0000000000000000 0.0000000000000000 0.0000000000000000
0.0118812737949922 0.0000000000000000 0.0000000000000000 0.0000000000000000
0.0073509489058279 0.0000000000000000 0.0000000000000000 0.0000000000000000
0.0181234491075956 0.0000000000000000 0.0000000000000000 0.0000000000000000
0.0272667840853625 0.0000000000000000 0.0000000000000000 0.0000000000000000
0.0439236346851377 0.0000000000000000 0.0000000000000000 0.0000000000000000
0.0494655947913141 0.0000000000000000 0.0000000000000000 0.0000000000000000
0.0469620654834253 0.0000000000000000 0.0000000000000000 0.0000000000000000
0.0431070968654809 0.0000000000000000 0.0000000000000000 0.0000000000000000
0.0000000000000000 0.0000000000000000 0.0000000000000000 0.0000000000000000
0.0452432475691917 0.0756626642144778 0.0000000000000000 0.0000000000000000
0.1621311077738509 0.2020236157392170 0.0000000000000000 0.0000000000000000
0.1268723165725961 0.0000000000000000 0.0128767734137820 0.0000000000000000
0.0000000000000000 0.0000000000000000 0.0367673549655022 0.0000000000000000
0.0000000000000000 0.0000000000000000 0.1919667908666181 0.1146966625005006
0.0000000000000000 0.0000000000000000 0.0000000000000000 0.1788673161620311
0.0000000000000000 0.0000000000000000 0.0000000000000000 0.0477364974279030
0.0000000000000000 0.0000000000000000 0.0000000000000000 0.0415584449327605
0.0072230255340829 0.0000000000000000 0.0000000000000000 0.0114529628397934
0.0000000000000000 0.0000000000000000 0.0000000000000000 0.0050198025581445
0.0000000000000000 0.0000000000000000 0.0000000000000000 0.0228958601771178
0.0000000000000000 0.0000000000000000 0.0000000000000000 0.0239632410362509
0.0000000000000000 0.2623672996738962 0.0000000000000000 0.0000000000000000
0.0413239731946412 0.3846798595771485 0.0001712478332075 0.0000000000000000
0.0000000000000000 0.0000000000000000 0.2383526243196399 0.0000000000000000
0.0000000000000000 0.0000000000000000 0.0000000000000000 0.0000000000000000
0.0341677671992311 0.0000000000000000 0.0000000000000000 0.0000000000000000
0.2660092974848607 0.0000000000000000 0.0000000000000000 0.0000000000000000
0.3496370736728696 0.0000000000000000 0.0000000000000000 0.0000000000000000
0.3301753466474073 0.0000000000000000 0.0000000000000000 0.0000000000000000
0.2873881996116217 0.0000000000000000 0.0000000000000000 0.0000000000000000
0.1540972240269185 0.0000000000000000 0.0000000000000000 0.0000000000000000
0.0492152323179385 0.0000000000000000 0.0000000000000000 0.0000000000000000
0.0685264106912940 0.0000000000000000 0.0000000000000000 0.0000000000000000
0.1167150801157250 0.0000000000000000 0.0000000000000000 0.0000000000000000
0.1883377695638758 0.0000000000000000 0.0000000000000000 0.0000000000000000
0.2596277725316730 0.0000000000000000 0.0000000000000000 0.0000000000000000
0.2739198550143662 0.0000000000000000 0.0000000000000000 0.0000000000000000
0.2954423054614488 0.0000000000000000 0.0000000000000000 0.0000000000000000
0.2406345351507852 0.0000000000000000 0.0000000000000000 0.0000000000000000
0.1914761649481223 0.0048722194617286 0.0000000000000000 0.0000000000000000
0.1475472506793106 0.1929802409793232 0.0000000000000000 0.0000000000000000
0.0911792443517376 0.0000000000000000 0.0198943252583929 0.0000000000000000
0.0000000000000000 0.0000000000000000 0.1208250086243246 0.0000000000000000
0.0000000000000000 0.0000000000000000 0.1989277909126352 0.1104874098089103
0.0000000000000000 0.0000000000000000 0.0000000000000000 0.1675606564344729
0.0000000000000000 0.0000000000000000 0.0000000000000000 0.0532569503466434
0.0000000000000000 0.0000000000000000 0.0000000000000000 0.0473100953278880
0.0000000000000000 0.0000000000000000 0.0000000000000000 0.0086960495376558
0.0000000000000000 0.0000000000000000 0.0000000000000000 0.0066681015104348
0.0000000000000000 0.0000000000000000 0.0000000000000000 0.0284881397132196
0.0000000000000000 0.0000000000000000 0.0000000000000000 0.0271949183469747
0.0000000000000000 0.0217166391584802 0.0000000000000000 0.0000000000000000
0.0345815335856934 0.4255673252557423 0.0000000000000000 0.0000000000000000
0.0000000000000000 0.0000000000000000 0.3046492943138469 0.0000000000000000
0.0000000000000000 0.0000000000000000 0.0000000000000000 0.0000000000000000
0.0239585253976140 0.0000000000000000 0.0000000000000000 0.0000000000000000
0.1394612206986138 0.0000000000000000 0.0000000000000000 0.0000000000000000
0.1288177432236718 0.0000000000000000 0.0000000000000000 0.0000000000000000
0.1265550698573683 0.0000000000000000 0.0000000000000000 0.0000000000000000
0.0858767913690969 0.0000000000000000 0.0000000000000000 0.0000000000000000
0.0754239810301976 0.0000000000000000 0.0000000000000000 0.0000000000000000
0.0889692673934441 0.0000000000000000 0.0000000000000000 0.0000000000000000
0.0764511219864966 0.0000000000000000 0.0000000000000000 0.0000000000000000
0.1083914306672180 0.0000000000000000 0.0000000000000000 0.0000000000000000
0.1146254106917802 0.0000000000000000 0.0000000000000000 0.0000000000000000
0.1048750188274711 0.0000000000000000 0.0000000000000000 0.0000000000000000
0.0960425404210885 0.0000000000000000 0.0000000000000000 0.0000000000000000
0.0609464228007139 0.0000000000000000 0.0000000000000000 0.0000000000000000
0.0134665758440307 0.0000000000000000 0.0000000000000000 0.0000000000000000
0.1073767295508991 0.0693676633212496 0.0000000000000000 0.0000000000000000
0.1802884621801329 0.0992345149391422 0.0000000000000000 0.0000000000000000
0.0132884125353075 0.0000000000000000 0.0320990385524198 0.0000000000000000
0.0000000000000000 0.0000000000000000 0.3184384430229080 0.0000000000000000
0.0000000000000000 0.0000000000000000 0.1953039724891093 0.1501828969401471
0.0000000000000000 0.0000000000000000 0.0295781465429885 0.1291283778590607
0.0000000000000000 0.0000000000000000 0.0000000000000000 0.0547084790197949
0.0000000000000000 0.0000000000000000 0.0000000000000000 0.0461695513121930
0.0000000000000000 0.0000000000000000 0.0000000000000000 0.0116236357949674
0.0000000000000000 0.0000000000000000 0.0000000000000000 0.0050015091457788
0.0000000000000000 0.0000000000000000 0.0000000000000000 0.0287147873099529
0.0000000000000000 0.0000000000000000 0.0000000000000000 0.0304533365547803
0.0000000000000000 0.0000000000000000 0.0000000000000000 0.0170577838761257
0.0000000000000000 0.3577893204475735 0.0000000000000000 0.0000000000000000
0.0000000000000000 0.0000000000000000 0.2735005566156377 0.0000000000000000
0.0000000000000000 0.0501095933291842 0.0000000000000000 0.0000000000000000
0.0063477673220869 0.0511774957837428 0.0137527288759457 0.0000000000000000
0.0111416507439286 0.0000000000000000 0.0375584423980292 0.0000000000000000
0.0000000000000000 0.0000000000000000 0.0275002857049307 0.0000000000000000
0.0000000000000000 0.0000000000000000 0.0303672848013687 0.0000000000000000
0.0000000000000000 0.0000000000000000 0.0135275798174096 0.0000000000000000
0.0011436777225897 0.0000000000000000 0.0000000000000000 0.0000000000000000
0.0199842109837953 0.0000000000000000 0.0000000000000000 0.0000000000000000
0.0236221413255907 0.0000000000000000 0.0000000000000000 0.0000000000000000
0.0776496497877673 0.0131329698524639 0.0000000000000000 0.0000000000000000
0.1504891842457594 0.0000000000000000 0.0000000000000000 0.0000000000000000
0.0581529421403127 0.0000000000000000 0.0000000000000000 0.0000000000000000
0.0000000000000000 0.0000000000000000 0.0120161420866554 0.0000000000000000
0.0000000000000000 0.0000000000000000 0.0619867297948575 0.0000000000000000
0.0000000000000000 0.0000000000000000 0.0887353476063878 0.0000000000000000
0.0000000000000000 0.0000000000000000 0.0000000000000000 0.0000000000000000
0.0024916407962640 0.1645199718647727 0.0048148344033489 0.0000000000000000
0.0000000000000000 0.0331662394179433 0.0846079790197751 0.0000000000000000
0.0000000000000000 0.0000000000000000 0.3896883004363262 0.0146694767800178
0.0000000000000000 0.0000000000000000 0.0268389120040570 0.2200991713880177
0.0000000000000000 0.0000000000000000 0.0000000000000000 0.0761804305857010
0.0000000000000000 0.0000000000000000 0.0000000000000000 0.0548217001590220
0.0000000000000000 0.0000000000000000 0.0000000000000000 0.0455287691698792
0.0000000000000000 0.0000000000000000 0.0000000000000000 0.0171051916830680
0.0119474002981886 0.0000000000000000 0.0000000000000000 0.0146829096764765
0.0000000000000000 0.0000000000000000 0.0000000000000000 0.0268040993670915
0.0000000000000000 0.0000000000000000 0.0000000000000000 0.0321143531678791
0.0000000000000000 0.0000000000000000 0.0000000000000000 0.0312277401998347
0.0000000000000000 0.0757677353553328 0.0000000000000000 0.0000000000000000
0.0133900733993333 0.0000000000000000 0.0769295508443725 0.0000000000000000
0.0000000000000000 0.0845390376726202 0.0000000000000000 0.0000000000000000
0.1146264678561221 0.0000000000000000 0.0000000000000000 0.0000000000000000
0.1305598366932542 0.0000000000000000 0.0000000000000000 0.0000000000000000
0.2366528869697860 0.0000000000000000 0.0000000000000000 0.0000000000000000
0.2387555436614682 0.0000000000000000 0.0000000000000000 0.0000000000000000
0.1577924766815176 0.0000000000000000 0.0000000000000000 0.0000000000000000
0.0464284265012134 0.0000000000000000 0.0000000000000000 0.0000000000000000
0.0025128252219921 0.0000000000000000 0.0000000000000000 0.0000000000000000
0.0407882754563117 0.0000000000000000 0.0000000000000000 0.0000000000000000
0.1112591196947239 0.0110584975238525 0.0000000000000000 0.0000000000000000
0.1255530329749866 0.0000000000000000 0.0000000000000000 0.0000000000000000
0.0691360725929925 0.0000000000000000 0.0000000000000000 0.0000000000000000
0.0607362488175140 0.0000000000000000 0.0000000000000000 0.0000000000000000
0.1326931128168808 0.0000000000000000 0.0000000000000000 0.0000000000000000
0.0138279329766245 0.0000000000000000 0.0000000000000000 0.0000000000000000
0.0000000000000000 0.0000000000000000 0.0496700991237281 0.0000000000000000
0.0000000000000000 0.1221501801455138 0.0000000000000000 0.0000000000000000
0.0000000000000000 0.0319392510708056 0.0660706287140356 0.0000000000000000
0.0000000000000000 0.0000000000000000 0.3147085826259618 0.0895745939173389
0.0000000000000000 0.0000000000000000 0.0000000000000000 0.2339772937655011
0.0000000000000000 0.0000000000000000 0.0000000000000000 0.0598744099028409
0.0000000000000000 0.0000000000000000 0.0000000000000000 0.0512896937884244
0.0000000000000000 0.0000000000000000 0.0000000000000000 0.0521259878031617
0.0000000000000000 0.0000000000000000 0.0000000000000000 0.0168815561588489
0.0000000000000000 0.0000000000000000 0.0000000000000000 0.0129896901182684
0.0000000000000000 0.0000000000000000 0.0000000000000000 0.0339340535065561
0.0000000000000000 0.0000000000000000 0.0000000000000000 0.0302929301910541
0.0019100416963007 0.0000000000000000 0.0000000000000000 0.0242181765719079
0.0453511995281658 0.0000000000000000 0.0000000000000000 0.0000000000000000
0.1789659970969547 0.0135578760110280 0.0000000000000000 0.0000000000000000
0.2013045688324114 0.0119991205997911 0.0000000000000000 0.0000000000000000
0.0991248656575586 0.0642240234084573 0.0000000000000000 0.0000000000000000
0.0223259679680946 0.0344971982652650 0.0000000000000000 0.0000000000000000
0.0244842953979968 0.0467213547770299 0.0000000000000000 0.0000000000000000
0.0000000000000000 0.0000000000000000 0.0239278493777794 0.0000000000000000
0.0000000000000000 0.0000000000000000 0.0870161314659259 0.0000000000000000
0.0000000000000000 0.0000000000000000 0.0581342834541026 0.0000000000000000
0.0000000000000000 0.0000000000000000 0.0000000000000000 0.0000000000000000
0.0000000000000000 0.0473119264797253 0.0000000000000000 0.0000000000000000
0.0277443528613624 0.1113980311169929 0.0000000000000000 0.0000000000000000
0.0000000000000000 0.0000000000000000 0.0652668484212722 0.0000000000000000
0.0215968377303843 0.0000000000000000 0.0000000000000000 0.0000000000000000
0.0365033362864279 0.0000000000000000 0.0000000000000000 0.0000000000000000
0.0042409431554523 0.0000000000000000 0.0033840463295872 0.0000000000000000
0.0000000000000000 0.0000000000000000 0.0000000000000000 0.0000000000000000
0.0000000000000000 0.0000000000000000 0.0000000000000000 0.0000000000000000
0.0720973862006384 0.1807561812228431 0.0000000000000000 0.0000000000000000
0.1011823411519621 0.0194483965562254 0.0437653854270191 0.0000000000000000
0.0000000000000000 0.0000000000000000 0.2741673316806555 0.0976251910897154
0.0000000000000000 0.0000000000000000 0.0000000000000000 0.2327051458478558
0.0000000000000000 0.0000000000000000 0.0000000000000000 0.0576822921871115
0.0000000000000000 0.0000000000000000 0.0000000000000000 0.0582410850288237
0.0000000000000000 0.0000000000000000 0.0000000000000000 0.0523206366591301
0.0000000000000000 0.0000000000000000 0.0000000000000000 0.0171074296877373
0.0000000000000000 0.0000000000000000 0.0000000000000000 0.0182773867128965
0.0000000000000000 0.0000000000000000 0.0000000000000000 0.0293799173853854
0.0000000000000000 0.0000000000000000 0.0000000000000000 0.0320744102437267
0.0000000000000000 0.0000000000000000 0.0000000000000000 0.0192412962589193
0.0160842737000362 0.0000000000000000 0.0000000000000000 0.0000000000000000
0.0000000000000000 0.0754295839909830 0.0000000000000000 0.0000000000000000
0.0513681227523908 0.0896823077152173 0.0000000000000000 0.0000000000000000
0.0000000000000000 0.0474766501828151 0.0258557428112801 0.0000000000000000
0.0000000000000000 0.0634490868989743 0.1009040582559856 0.0000000000000000
0.0000000000000000 0.0456900864328240 0.1627321786886337 0.0000000000000000
0.0000000000000000 0.0000000000000000 0.1808135267127963 0.0000000000000000
0.0000000000000000 0.0000000000000000 0.1863032368322214 0.0000000000000000
0.0000000000000000 0.0000000000000000 0.0890891700398689 0.0000000000000000
0.0000000000000000 0.0000000000000000 0.0094889332631639 0.0000000000000000
0.0000000000000000 0.0000000000000000 0.0078009177145419 0.0000000000000000
0.0000000000000000 0.0892152557843456 0.0443298805431993 0.0000000000000000
0.0000000000000000 0.0000000000000000 0.0998311318164947 0.0000000000000000
0.0000000000000000 0.0578846396257480 0.0243916183856188 0.0000000000000000
0.0000000000000000 0.0000000000000000 0.1265533988382302 0.0000000000000000
0.0000000000000000 0.0000000000000000 0.1210186142985727 0.0000000000000000
0.0000000000000000 0.0000000000000000 0.0281551013171090 0.0000000000000000
0.0000000000000000 0.0000000000000000 0.0263503749142675 0.0000000000000000
0.0000000000000000 0.1808231446453753 0.0000000000000000 0.0000000000000000
0.0116689456298071 0.0610293236214156 0.1418660638671295 0.0000000000000000
0.0000000000000000 0.0000000000000000 0.3595340321826584 0.0838621173912257
0.0000000000000000 0.0000000000000000 0.0000000000000000 0.2185954288963010
0.0000000000000000 0.0000000000000000 0.0000000000000000 0.0649200917696397
0.0000000000000000 0.0000000000000000 0.0000000000000000 0.0567296795127001
0.0000000000000000 0.0000000000000000 0.0000000000000000 0.0572463902206543
0.0000000000000000 0.0000000000000000 0.0000000000000000 0.0176641678528898
0.0004666931927205 0.0000000000000000 0.0000000000000000 0.0196452183922863
0.0000000000000000 0.0000000000000000 0.0000000000000000 0.0273217022181579
0.0000000000000000 0.0000000000000000 0.0000000000000000 0.0345356473918347
0.0000000000000000 0.0000000000000000 0.0000000000000000 0.0388619232813225
0.0000000000000000 0.0000000000000000 0.0000000000000000 0.0000000000000000
0.0000000000000000 0.1020801561208916 0.0000000000000000 0.0000000000000000
0.0000000000000000 0.0107823756176467 0.0619104460173963 0.0000000000000000
0.0000000000000000 0.0000000000000000 0.0000000000000000 0.0000000000000000
0.0000000000000000 0.0000000000000000 0.0324487628743930 0.0000000000000000
0.0000000000000000 0.0000000000000000 0.0770098647796640 0.0000000000000000
0.0000000000000000 0.0000000000000000 0.0954725118828756 0.0000000000000000
0.0000000000000000 0.0000000000000000 0.1054517615221295 0.0000000000000000
0.0000000000000000 0.0000000000000000 0.0243003476776328 0.0000000000000000
0.0000000000000000 0.0000000000000000 0.0000000000000000 0.0000000000000000
0.0000000000000000 0.0000000000000000 0.0000000000000000 0.0000000000000000
0.0000000000000000 0.0063916598976243 0.0000000000000000 0.0000000000000000
0.0000000000000000 0.0012278773986241 0.0836515199173899 0.0000000000000000
0.0000000000000000 0.0000000000000000 0.1023643757855776 0.0000000000000000
0.0000000000000000 0.0000000000000000 0.0988641789000408 0.0000000000000000
0.0000000000000000 0.0000000000000000 0.0925671031442927 0.0000000000000000
0.0000000000000000 0.0000000000000000 0.0439803334208680 0.0000000000000000
0.0000000000000000 0.0000000000000000 0.0338711582416413 0.0000000000000000
0.0000000000000000 0.0538327217759455 0.0000000000000000 0.0000000000000000
0.0000000000000000 0.0000000000000000 0.3049720199669108 0.0000000000000000
0.0000000000000000 0.0000000000000000 0.3705121354510387 0.0715403260352711
0.0000000000000000 0.0000000000000000 0.0251789378842303 0.1648193296793775
0.0000000000000000 0.0000000000000000 0.0000000000000000 0.0628019302645151
0.0000000000000000 0.0000000000000000 0.0000000000000000 0.0572946613818845
0.0000000000000000 0.0000000000000000 0.0000000000000000 0.0571810837561154
0.0000000000000000 0.0000000000000000 0.0000000000000000 0.0212864906983633
0.0000000000000000 0.0000000000000000 0.0000000000000000 0.0161772727108032
0.0000000000000000 0.0000000000000000 0.0000000000000000 0.0303974867944478
0.0000000000000000 0.0000000000000000 0.0000000000000000 0.0386594515987763
0.0000000000000000 0.0000000000000000 0.0000000000000000 0.0436593339011511
0.0000000000000000 0.0000000000000000 0.0000000000000000 0.0315051981010565
0.0564098904968478 0.1351430127652836 0.0000000000000000 0.0000000000000000
0.0939189014919832 0.0014098991439038 0.0258973197025412 0.0000000000000000
0.0245538817170790 0.0000000000000000 0.0000000000000000 0.0000000000000000
0.0000000000000000 0.0000000000000000 0.0000000000000000 0.0000000000000000
0.0000000000000000 0.0000000000000000 0.0081389964941670 0.0000000000000000
0.0000000000000000 0.0000000000000000 0.0190918315055909 0.0000000000000000
0.0000000000000000 0.0000000000000000 0.0102518166251042 0.0000000000000000
0.0000000000000000 0.0000000000000000 0.0000000000000000 0.0000000000000000
0.0000000000000000 0.0000000000000000 0.0000000000000000 0.0000000000000000
0.0034370355015876 0.0000000000000000 0.0000000000000000 0.0000000000000000
0.0000000000000000 0.0000000000000000 0.0000000000000000 0.0000000000000000
0.0243444468899100 0.0000000000000000 0.0000000000000000 0.0000000000000000
0.0000000000000000 0.0000000000000000 0.0003901976945937 0.0000000000000000
0.0000000000000000 0.0000000000000000 0.0000000000000000 0.0000000000000000
0.0000000000000000 0.0000000000000000 0.0123005494037094 0.0000000000000000
0.0000000000000000 0.0000000000000000 0.0150744384994693 0.0000000000000000
0.0000000000000000 0.0000000000000000 0.0000000000000000 0.0000000000000000
0.0000000000000000 0.0000000000000000 0.0000000000000000 0.0000000000000000
0.0000000000000000 0.0000000000000000 0.2437973295356712 0.0000000000000000
0.0000000000000000 0.0000000000000000 0.0819260855954068 0.1579416045334701
0.0000000000000000 0.0000000000000000 0.0147799895893709 0.0904015192469838
0.0000000000000000 0.0000000000000000 0.0000000000000000 0.0636403192199912
0.0000000000000000 0.0000000000000000 0.0000000000000000 0.0568825658410788
0.0000000000000000 0.0000000000000000 0.0000000000000000 0.0534067064468913
0.0000000000000000 0.0000000000000000 0.0000000000000000 0.0215313267784523
0.0000000000000000 0.0000000000000000 0.0000000000000000 0.0144615531515550
0.0000000000000000 0.0000000000000000 0.0000000000000000 0.0316116036007217
0.0000000000000000 0.0000000000000000 0.0000000000000000 0.0391247770109889
0.0000000000000000 0.0000000000000000 0.0000000000000000 0.0413153932977687
0.0000000000000000 0.0000000000000000 0.0000000000000000 0.0450988870972365
0.0604107553321944 0.1565658620832597 0.0000000000000000 0.0000000000000000
0.1390819229769941 0.0023635743368489 0.0137584540189481 0.0000000000000000
0.0322326081494490 0.0000000000000000 0.0000000000000000 0.0000000000000000
0.0342149102658619 0.0000000000000000 0.0000000000000000 0.0000000000000000
0.0149492819373513 0.0000000000000000 0.0000000000000000 0.0000000000000000
0.0200640812662302 0.0000000000000000 0.0000000000000000 0.0000000000000000
0.1165542735042525 0.0000000000000000 0.0000000000000000 0.0000000000000000
0.2280274499719049 0.0000000000000000 0.0000000000000000 0.0000000000000000
0.2375724547487847 0.0000000000000000 0.0000000000000000 0.0000000000000000
0.1256352081456604 0.0000000000000000 0.0000000000000000 0.0000000000000000
0.1484872886217108 0.0000000000000000 0.0000000000000000 0.0000000000000000
0.1324515919328904 0.0000000000000000 0.0000000000000000 0.0000000000000000
0.0360646392054416 0.0000000000000000 0.0000000000000000 0.0000000000000000
0.0143947010385055 0.0000000000000000 0.0000000000000000 0.0000000000000000
0.0000000000000000 0.0000000000000000 0.0000000000000000 0.0000000000000000
0.0000000000000000 0.0000000000000000 0.0068923020114501 0.0000000000000000
0.0000000000000000 0.0000000000000000 0.0000000000000000 0.0000000000000000
0.0426437387133346 0.0000000000000000 0.0000000000000000 0.0000000000000000
0.0000000000000000 0.0000000000000000 0.1860718672547270 0.0463177662561922
0.0000000000000000 0.0000000000000000 0.0000000000000000 0.1890019637112523
0.0000000000000000 0.0000000000000000 0.0000000000000000 0.0617315689686175
0.0000000000000000 0.0000000000000000 0.0000000000000000 0.0648372558785566
0.0000000000000000 0.0000000000000000 0.0000000000000000 0.0572515780197493
0.0000000000000000 0.0000000000000000 0.0000000000000000 0.0595637415134000
0.0000000000000000 0.0000000000000000 0.0000000000000000 0.0226412859434882
0.0000000000000000 0.0000000000000000 0.0000000000000000 0.0150998935304290
0.0000000000000000 0.0000000000000000 0.0000000000000000 0.0314499776682578
0.0000000000000000 0.0000000000000000 0.0000000000000000 0.0371321425170583
0.0000000000000000 0.0000000000000000 0.0000000000000000 0.0410782570512418
0.0000000000000000 0.0000000000000000 0.0000000000000000 0.0469319764214257
0.0567990679220826 0.1657030835674674 0.0000000000000000 0.0000000000000000
0.1479989884384706 0.0142884181337614 0.0083745201209595 0.0000000000000000
0.0311582887143482 0.0000000000000000 0.0000000000000000 0.0000000000000000
0.0458441643007829 0.0000000000000000 0.0000000000000000 0.0000000000000000
0.0220911964920221 0.0000000000000000 0.0000000000000000 0.0000000000000000
0.0396860434582420 0.0000000000000000 0.0000000000000000 0.0000000000000000
0.1093603380608793 0.0398414487420928 0.0000000000000000 0.0000000000000000
0.0874174349886529 0.0000000000000000 0.0000000000000000 0.0000000000000000
0.0664262289948323 0.0000000000000000 0.0000000000000000 0.0000000000000000
0.1284298116523845 0.0000000000000000 0.0000000000000000 0.0000000000000000
0.1140441213022259 0.0000000000000000 0.0000000000000000 0.0000000000000000
0.0981374932124334 0.0000000000000000 0.0000000000000000 0.0000000000000000
0.0451788263431952 0.0000000000000000 0.0000000000000000 0.0000000000000000
0.0135799684799184 0.0000000000000000 0.0000000000000000 0.0000000000000000
0.0013680697510056 0.0000000000000000 0.0000000000000000 0.0000000000000000
0.0000000000000000 0.0000000000000000 0.0000000000000000 0.0000000000000000
0.0000000000000000 0.0000000000000000 0.0000000000000000 0.0000000000000000
0.0000000000000000 0.0000000000000000 0.0003152887610828 0.0000000000000000
0.0000000000000000 0.0000000000000000 0.2342800079315316 0.0749066495866168
0.0000000000000000 0.0000000000000000 0.0000000000000000 0.1569310952927552
0.0000000000000000 0.0000000000000000 0.0000000000000000 0.0608943501962167
0.0000000000000000 0.0000000000000000 0.0000000000000000 0.0650946468370510
0.0014866259606446 0.0000000000000000 0.0000000000000000 0.0632218767834060
0.0000000000000000 0.0000000000000000 0.0000000000000000 0.0572056581412314
0.0000000000000000 0.0000000000000000 0.0000000000000000 0.0248906372242845
0.0039209785852947 0.0000000000000000 0.0000000000000000 0.0173474515003025
0.0000000000000000 0.0000000000000000 0.0000000000000000 0.0319133059505153
0.0000000000000000 0.0000000000000000 0.0000000000000000 0.0364522538440046
0.0000000000000000 0.0000000000000000 0.0000000000000000 0.0420555015770244
0.0000000000000000 0.0000000000000000 0.0000000000000000 0.0481206950183737
0.0764743296977351 0.1673444283286147 0.0000000000000000 0.0000000000000000
0.1702918313151479 0.0286369804877276 0.0000000000000000 0.0000000000000000
0.0481894019625933 0.0000000000000000 0.0000000000000000 0.0000000000000000
0.0348324047438069 0.0000000000000000 0.0000000000000000 0.0000000000000000
0.0323218981278877 0.0000000000000000 0.0000000000000000 0.0000000000000000
0.0431265642099521 0.0000000000000000 0.0000000000000000 0.0000000000000000
0.0516105820004846 0.0516101456521188 0.0000000000000000 0.0000000000000000
0.0362537064242598 0.0000000000000000 0.0800613227501220 0.0000000000000000
0.0000000000000000 0.0000000000000000 0.0000000000000000 0.0000000000000000
0.0729715805281611 0.0000000000000000 0.0000000000000000 0.0000000000000000
0.0713815228465726 0.0000000000000000 0.0000000000000000 0.0000000000000000
0.0098988293870991 0.0000000000000000 0.0000000000000000 0.0000000000000000
0.0167062639459675 0.0000000000000000 0.0000000000000000 0.0000000000000000
0.0000000000000000 0.0000000000000000 0.0000000000000000 0.0000000000000000
0.0000000000000000 0.0000000000000000 0.0000000000000000 0.0000000000000000
0.0132892981317698 0.0000000000000000 0.0000000000000000 0.0000000000000000
0.0097506061926776 0.0000000000000000 0.0000000000000000 0.0000000000000000
0.0000000000000000 0.0000000000000000 0.1209408202665110 0.0000000000000000
0.0000000000000000 0.0000000000000000 0.1076908454883332 0.1230781619473562
0.0000000000000000 0.0000000000000000 0.0000000000000000 0.1194537759210695
0.0000000000000000 0.0000000000000000 0.0000000000000000 0.0600548485860082
0.0000000000000000 0.0000000000000000 0.0000000000000000 0.0616608997441682
0.0000000000000000 0.0000000000000000 0.0000000000000000 0.0582493964308763
0.0000000000000000 0.0000000000000000 0.0000000000000000 0.0573089033420033
0.0000000000000000 0.0000000000000000 0.0000000000000000 0.0242073910950008
0.0080619825305892 0.0000000000000000 0.0000000000000000 0.0169209178573653
0.0000000000000000 0.0000000000000000 0.0000000000000000 0.0307417259405495
0.0000000000000000 0.0000000000000000 0.0000000000000000 0.0353241189382970
0.0000000000000000 0.0000000000000000 0.0000000000000000 0.0400267004948475
0.0000000000000000 0.0000000000000000 0.0000000000000000 0.0454377912441451
0.0874518112078602 0.1928122653899824 0.0000000000000000 0.0000000000000000
0.1892979275216074 0.0335768778753631 0.0000000000000000 0.0000000000000000
0.0715184686668947 0.0000000000000000 0.0000000000000000 0.0000000000000000
0.0525136512138095 0.0000000000000000 0.0000000000000000 0.0000000000000000
0.0663829840135341 0.0000000000000000 0.0000000000000000 0.0000000000000000
0.0878783936447957 0.0000000000000000 0.0000000000000000 0.0000000000000000
0.0762824157727700 0.0000000000000000 0.0000000000000000 0.0000000000000000
0.0444115925507219 0.0000000000000000 0.0000000000000000 0.0000000000000000
0.0306327242915537 0.0000000000000000 0.0000000000000000 0.0000000000000000
0.0366142428827052 0.0000000000000000 0.0000000000000000 0.0000000000000000
0.0263776954336495 0.0000000000000000 0.0000000000000000 0.0000000000000000
0.0000000000000000 0.0000000000000000 0.0000000000000000 0.0000000000000000
0.0347098286683653 0.0000000000000000 0.0000000000000000 0.0000000000000000
0.0252306045124344 0.0000000000000000 0.0000000000000000 0.0000000000000000
0.0000000000000000 0.0000000000000000 0.0000000000000000 0.0000000000000000
0.0014019651594114 0.0000000000000000 0.0000000000000000 0.0000000000000000
0.0705734519251421 0.0000000000000000 0.0000000000000000 0.0000000000000000
0.0008818190910068 0.0000000000000000 0.1463195331540762 0.0331896742331046
0.0000000000000000 0.0000000000000000 0.0000000000000000 0.1820851581116371
0.0000000000000000 0.0000000000000000 0.0000000000000000 0.0870856012582925
0.0000000000000000 0.0000000000000000 0.0000000000000000 0.0625876304364819
0.0000000000000000 0.0000000000000000 0.0000000000000000 0.0606314388140306
0.0000000000000000 0.0000000000000000 0.0000000000000000 0.0614986259837215
0.0000000000000000 0.0000000000000000 0.0000000000000000 0.0590479171999237
0.0000000000000000 0.0000000000000000 0.0000000000000000 0.0229197110195517
0.0067566541918352 0.0000000000000000 0.0000000000000000 0.0151530705994981
0.0000000000000000 0.0000000000000000 0.0000000000000000 0.0292047400009253
0.0000000000000000 0.0000000000000000 0.0000000000000000 0.0342291415029881
0.0000000000000000 0.0000000000000000 0.0000000000000000 0.0375904488779020
0.0000000000000000 0.0000000000000000 0.0000000000000000 0.0430551337333872
0.0016419991996942 0.1532245825537864 0.0000000000000000 0.0000000000000000
0.0229264352105411 0.1484432883487613 0.0129959587226896 0.0000000000000000
0.0000000000000000 0.0000000000000000 0.0538486786917146 0.0000000000000000
0.0607479424891519 0.0000000000000000 0.0000000000000000 0.0000000000000000
0.0654861028726193 0.0000000000000000 0.0000000000000000 0.0000000000000000
0.0882828341833517 0.0000000000000000 0.0000000000000000 0.0000000000000000
0.1311897985929368 0.0000000000000000 0.0000000000000000 0.0000000000000000
0.1096550786465991 0.0000000000000000 0.0000000000000000 0.0000000000000000
0.1269558824014430 0.0000000000000000 0.0000000000000000 0.0000000000000000
0.1033622940235280 0.0000000000000000 0.0000000000000000 0.0000000000000000
0.1019760794937611 0.0000000000000000 0.0000000000000000 0.0000000000000000
0.0909684347609679 0.0000000000000000 0.0000000000000000 0.0000000000000000
0.0718100311563295 0.0000000000000000 0.0000000000000000 0.0000000000000000
0.0240419370140516 0.0000000000000000 0.0000000000000000 0.0000000000000000
0.0208392898095589 0.0000000000000000 0.0000000000000000 0.0000000000000000
0.0123604891785219 0.0000000000000000 0.0000000000000000 0.0000000000000000
0.0710328645419840 0.0000000000000000 0.0000000000000000 0.0000000000000000
0.0228613593852989 0.0000000000000000 0.1926045058696878 0.0489697951494771
0.0000000000000000 0.0000000000000000 0.0000000000000000 0.2004249200498796
0.0000000000000000 0.0000000000000000 0.0000000000000000 0.0754484869357125
0.0000000000000000 0.0000000000000000 0.0000000000000000 0.0704850922923023
0.0079634425540766 0.0000000000000000 0.0000000000000000 0.0680865731090308
0.0000000000000000 0.0000000000000000 0.0000000000000000 0.0589110870389085
0.0000000000000000 0.0000000000000000 0.0000000000000000 0.0576497273227455
0.0000000000000000 0.0000000000000000 0.0000000000000000 0.0218578066822945
0.0118946834960404 0.0000000000000000 0.0000000000000000 0.0134114013948278
0.0000000000000000 0.0000000000000000 0.0000000000000000 0.0291675892110694
0.0000000000000000 0.0000000000000000 0.0000000000000000 0.0335010689555429
0.0000000000000000 0.0000000000000000 0.0000000000000000 0.0369899402920376
0.0000000000000000 0.0000000000000000 0.0000000000000000 0.0404241588605824
0.0000000000000000 0.0000000000000000 0.0000000000000000 0.0000000000000000
0.0325167064427161 0.2320773764202992 0.0000000000000000 0.0000000000000000
0.0000000000000000 0.0000000000000000 0.0960656888490798 0.0000000000000000
0.0437425331011708 0.0000000000000000 0.0000000000000000 0.0000000000000000
0.0904898797034049 0.0000000000000000 0.0000000000000000 0.0000000000000000
0.0978484164704295 0.0000000000000000 0.0000000000000000 0.0000000000000000
0.0602930371521735 0.0000000000000000 0.0000000000000000 0.0000000000000000
0.0217863465494969 0.0000000000000000 0.0000000000000000 0.0000000000000000
0.0123755083802868 0.0000000000000000 0.0000000000000000 0.0000000000000000
0.0124690464168204 0.0000000000000000 0.0000000000000000 0.0000000000000000
0.0116948616124835 0.0000000000000000 0.0000000000000000 0.0000000000000000
0.0172072301746584 0.0000000000000000 0.0000000000000000 0.0000000000000000
0.0403411799055688 0.0000000000000000 0.0000000000000000 0.0000000000000000
0.0389267566595591 0.0000000000000000 0.0000000000000000 0.0000000000000000
0.0599300320680235 0.0000000000000000 0.0000000000000000 0.0000000000000000
0.0713191401578631 0.0000000000000000 0.0000000000000000 0.0000000000000000
0.0000000000000000 0.0000000000000000 0.0569172009533526 0.0000000000000000
0.0000000000000000 0.0000000000000000 0.2900042293410675 0.0413304343034385
0.0000000000000000 0.0000000000000000 0.0055672937164120 0.1759244630113244
0.0000000000000000 0.0000000000000000 0.0000000000000000 0.0655409865903065
0.0000000000000000 0.0000000000000000 0.0000000000000000 0.0659476614648513
0.0000000000000000 0.0000000000000000 0.0000000000000000 0.0590456762515447
0.0092430935040409 0.0000000000000000 0.0000000000000000 0.0632296468277334
0.0000000000000000 0.0000000000000000 0.0000000000000000 0.0583773130130972
0.0000000000000000 0.0000000000000000 0.0000000000000000 0.0191759156355379
0.0060392502330099 0.0000000000000000 0.0000000000000000 0.0104957080720102
0.0000000000000000 0.0000000000000000 0.0000000000000000 0.0271967868119771
0.0000000000000000 0.0000000000000000 0.0000000000000000 0.0335297952442630
0.0000000000000000 0.0000000000000000 0.0000000000000000 0.0363280845385994
0.0000000000000000 0.0000000000000000 0.0000000000000000 0.0387160502629829
0.0000000000000000 0.0000000000000000 0.0000000000000000 0.0409757317847335
0.0749291446132987 0.2513016338514931 0.0000000000000000 0.0000000000000000
0.1327874323170557 0.0562688927951396 0.0537568313014857 0.0000000000000000
0.0000000000000000 0.0000000000000000 0.0000000000000000 0.0000000000000000
0.0777304521816619 0.0000000000000000 0.0000000000000000 0.0000000000000000
0.0465632461303591 0.0000000000000000 0.0000000000000000 0.0000000000000000
0.0042928052737433 0.0000000000000000 0.0000000000000000 0.0000000000000000
0.0000000000000000 0.0000000000000000 0.0000000000000000 0.0000000000000000
0.0000000000000000 0.0000000000000000 0.0000000000000000 0.0000000000000000
0.0000000000000000 0.0000000000000000 0.0380423608729068 0.0000000000000000
0.0000000000000000 0.0000000000000000 0.0005486675410294 0.0000000000000000
0.0000000000000000 0.0000000000000000 0.0278597958458989 0.0000000000000000
0.0000000000000000 0.0000000000000000 0.0000000000000000 0.0000000000000000
0.0330336373664586 0.0000000000000000 0.0000000000000000 0.0000000000000000
0.0915973687727078 0.0000000000000000 0.0000000000000000 0.0000000000000000
0.0497064295790942 0.0000000000000000 0.0000000000000000 0.0000000000000000
0.0000000000000000 0.0000000000000000 0.1989265393684893 0.0000000000000000
0.0000000000000000 0.0000000000000000 0.1358558317390728 0.1558854780415548
0.0000000000000000 0.0000000000000000 0.0249749993795858 0.1007696625356581
0.0000000000000000 0.0000000000000000 0.0000000000000000 0.0676807301228537
0.0000000000000000 0.0000000000000000 0.0000000000000000 0.0588481691976389
0.0000000000000000 0.0000000000000000 0.0000000000000000 0.0576517561322772
0.0000000000000000 0.0000000000000000 0.0000000000000000 0.0628557140098921
0.0000000000000000 0.0000000000000000 0.0000000000000000 0.0545050631733793
0.0000000000000000 0.0000000000000000 0.0000000000000000 0.0190616595540561
0.0109851354915722 0.0000000000000000 0.0000000000000000 0.0104900598726876
0.0000000000000000 0.0000000000000000 0.0000000000000000 0.0254217358999978
0.0002684160044380 0.0000000000000000 0.0000000000000000 0.0295505391926888
0.0012273046754153 0.0000000000000000 0.0000000000000000 0.0349112097794810
0.0075182665066393 0.0000000000000000 0.0000000000000000 0.0405784405183558
0.0053267254987183 0.0000000000000000 0.0000000000000000 0.0397204272631629
0.0000000000000000 0.1329423727285044 0.0000000000000000 0.0000000000000000
0.0327161124962215 0.1827880825409118 0.0000000000000000 0.0000000000000000
0.0000000000000000 0.0917569044977427 0.0086646631871368 0.0000000000000000
0.1019969036620037 0.0000000000000000 0.0000000000000000 0.0000000000000000
0.0489365714876091 0.0000000000000000 0.0000000000000000 0.0000000000000000
0.0452696419083606 0.0000000000000000 0.0000000000000000 0.0000000000000000
0.0834543957868043 0.0000000000000000 0.0000000000000000 0.0000000000000000
0.1030542983582207 0.0000000000000000 0.0000000000000000 0.0000000000000000
0.1043107247673999 0.0000000000000000 0.0000000000000000 0.0000000000000000
0.0662337429821492 0.0000000000000000 0.0000000000000000 0.0000000000000000
0.0781857923988035 0.0000000000000000 0.0000000000000000 0.0000000000000000
0.0443763838533092 0.0000000000000000 0.0000000000000000 0.0000000000000000
0.0388824892248592 0.0000000000000000 0.0000000000000000 0.0000000000000000
0.1020604232216582 0.0000000000000000 0.0000000000000000 0.0000000000000000
0.0180541937111640 0.0000000000000000 0.1294957137356202 0.0000000000000000
0.0000000000000000 0.0000000000000000 0.1988746349791102 0.0888650243809702
0.0000000000000000 0.0000000000000000 0.0097509029814427 0.1556826563332887
0.0000000000000000 0.0000000000000000 0.0000000000000000 0.0722913467489621
0.0000000000000000 0.0000000000000000 0.0000000000000000 0.0716285291091339
0.0127436646497718 0.0000000000000000 0.0000000000000000 0.0580624614239615
0.0072367233826834 0.0000000000000000 0.0000000000000000 0.0575310467249330
0.0000000000000000 0.0000000000000000 0.0000000000000000 0.0629095678181187
0.0000000000000000 0.0000000000000000 0.0000000000000000 0.0537641543383691
0.0148622889583016 0.0000000000000000 0.0000000000000000 0.0170680705238792
0.0196387527474001 0.0000000000000000 0.0000000000000000 0.0158825270320272
0.0001659058910961 0.0000000000000000 0.0000000000000000 0.0200463399071905
0.0000000000000000 0.0000000000000000 0.0000000000000000 0.0245740937087320
0.0000000000000000 0.0000000000000000 0.0000000000000000 0.0326277390944169
0.0000000000000000 0.0000000000000000 0.0000000000000000 0.0323672710351791
0.0083952728293690 0.0000000000000000 0.0000000000000000 0.0368510709472877
0.0000000000000000 0.0000000000000000 0.0000000000000000 0.0000000000000000
0.0960582700868448 0.2138280545014377 0.0000000000000000 0.0000000000000000
0.0248566308296194 0.0806996612937427 0.0136999100738882 0.0000000000000000
0.0094206248866577 0.0000000000000000 0.0000000000000000 0.0000000000000000
0.0117339187831271 0.0000000000000000 0.0000000000000000 0.0000000000000000
0.0107018010727330 0.0000000000000000 0.0000000000000000 0.0000000000000000
0.0000000000000000 0.0000000000000000 0.0000000000000000 0.0000000000000000
0.0000000000000000 0.0000000000000000 0.0345348012359704 0.0000000000000000
0.0000000000000000 0.0000000000000000 0.0142028981418002 0.0000000000000000
0.0000000000000000 0.0000000000000000 0.0000000000000000 0.0000000000000000
0.0288557977506927 0.0000000000000000 0.0000000000000000 0.0000000000000000
0.0439507171073379 0.0000000000000000 0.0000000000000000 0.0000000000000000
0.0826641270196906 0.0000000000000000 0.0000000000000000 0.0000000000000000
0.0240267083779269 0.0000000000000000 0.0000000000000000 0.0000000000000000
0.0000000000000000 0.0000000000000000 0.2558601420957083 0.0000000000000000
0.0000000000000000 0.0000000000000000 0.1478424862246303 0.1720776510717092
0.0000000000000000 0.0000000000000000 0.0224071634750741 0.1010787943798100
0.0000000000000000 0.0000000000000000 0.0000000000000000 0.0688552688478547
0.0000000000000000 0.0000000000000000 0.0000000000000000 0.0588126175689931
0.0000000000000000 0.0000000000000000 0.0000000000000000 0.0580667398322154
0.0000000000000000 0.0000000000000000 0.0000000000000000 0.0539261774013878
0.0000000000000000 0.0000000000000000 0.0000000000000000 0.0591342581947352
0.0086945539449946 0.0000000000000000 0.0000000000000000 0.0564184745810195
0.0180619805320806 0.0000000000000000 0.0000000000000000 0.0185374456110830
0.0138165974003427 0.0000000000000000 0.0000000000000000 0.0138163549095101
0.0114109162460358 0.0000000000000000 0.0000000000000000 0.0186027442068593
0.0000000000000000 0.0000000000000000 0.0000000000000000 0.0246809609636080
0.0000000000000000 0.0000000000000000 0.0000000000000000 0.0286719835162454
0.0007526237444549 0.0000000000000000 0.0000000000000000 0.0285920906355422
0.0000000000000000 0.0000000000000000 0.0000000000000000 0.0368119211995280
0.1502323832435933 0.0000000000000000 0.0000000000000000 0.0000000000000000
0.3209919901309059 0.0646568073872842 0.0000000000000000 0.0000000000000000
0.3843332669168127 0.0000000000000000 0.0000000000000000 0.0000000000000000
0.0096329366897836 0.0000000000000000 0.0000000000000000 0.0000000000000000
0.0172501229626291 0.0000000000000000 0.0000000000000000 0.0000000000000000
0.0732421024026824 0.0000000000000000 0.0000000000000000 0.0000000000000000
0.0503889779688096 0.0000000000000000 0.0000000000000000 0.0000000000000000
0.0579346682365035 0.0000000000000000 0.0000000000000000 0.0000000000000000
0.0047789069805659 0.0000000000000000 0.0000000000000000 0.0000000000000000
0.0374739798114580 0.0000000000000000 0.0000000000000000 0.0000000000000000
0.0715324149266178 0.0000000000000000 0.0000000000000000 0.0000000000000000
0.0903014109853437 0.0000000000000000 0.0000000000000000 0.0000000000000000
0.0550029410304976 0.0000000000000000 0.0000000000000000 0.0000000000000000
0.0000000000000000 0.0000000000000000 0.0891924556783017 0.0000000000000000
0.0000000000000000 0.0000000000000000 0.0649552078881100 0.1064463478111314
0.0000000000000000 0.0000000000000000 0.0000000000000000 0.1760282708733689
0.1404879063806112 0.0000000000000000 0.0000000000000000 0.1109272680227079
0.0000000000000000 0.0000000000000000 0.0000000000000000 0.0632167107863899
0.0000000000000000 0.0000000000000000 0.0000000000000000 0.0629435135928146
0.0000000000000000 0.0000000000000000 0.0000000000000000 0.0621475227834547
0.0000000000000000 0.0000000000000000 0.0000000000000000 0.0577872881830177
0.0000000000000000 0.0000000000000000 0.0000000000000000 0.0572449917941556
0.0000000000000000 0.0000000000000000 0.0000000000000000 0.0435895844435721
0.0256646848046312 0.0000000000000000 0.0000000000000000 0.0157367094401636
0.0240919018931248 0.0000000000000000 0.0000000000000000 0.0106279101697546
0.0103304367877691 0.0000000000000000 0.0000000000000000 0.0199693259655261
0.0051466870979938 0.0000000000000000 0.0000000000000000 0.0262356744659152
0.0000000000000000 0.0000000000000000 0.0000000000000000 0.0217510068460423
0.0080892151915559 0.0000000000000000 0.0000000000000000 0.0294635183871816
0.1095396309944929 0.0000000000000000 0.0000000000000000 0.0141449306635004
0.4021084331268187 0.1356728319078684 0.0000000000000000 0.0000000000000000
0.4919530077746100 0.0000000000000000 0.0000000000000000 0.0000000000000000
0.2576399883072750 0.0000000000000000 0.0000000000000000 0.0000000000000000
0.0790001466432038 0.0000000000000000 0.0000000000000000 0.0000000000000000
0.0431957900378050 0.0000000000000000 0.0000000000000000 0.0000000000000000
0.1301455824252437 0.0000000000000000 0.0000000000000000 0.0000000000000000
0.2618453941362747 0.0000000000000000 0.0000000000000000 0.0000000000000000
0.2304867588275787 0.0000000000000000 0.0000000000000000 0.0000000000000000
0.2229009086448772 0.0000000000000000 0.0000000000000000 0.0000000000000000
0.2284504613893874 0.0000000000000000 0.0000000000000000 0.0000000000000000
0.2135819520289991 0.0000000000000000 0.0000000000000000 0.0000000000000000
0.1601091414543928 0.0000000000000000 0.0000000000000000 0.0000000000000000
0.0000000000000000 0.0000000000000000 0.0584935070033751 0.0000000000000000
0.0000000000000000 0.0000000000000000 0.0782466390188417 0.0000000000000000
0.0250888281447045 0.0000000000000000 0.0000000000000000 0.0143258680406885
0.1634717113101016 0.0000000000000000 0.0000000000000000 0.0819886213004151
0.2422101263760351 0.0000000000000000 0.0000000000000000 0.2012159423957414
0.0000000000000000 0.0000000000000000 0.0000000000000000 0.0686300573925323
0.0000000000000000 0.0000000000000000 0.0000000000000000 0.0654798925324690
0.0000000000000000 0.0000000000000000 0.0000000000000000 0.0580645078994041
0.0000000000000000 0.0000000000000000 0.0000000000000000 0.0624218162770072
0.0000000000000000 0.0000000000000000 0.0000000000000000 0.0564077473921227
0.0000000000000000 0.0000000000000000 0.0000000000000000 0.0518966051366400
0.0227998030390227 0.0000000000000000 0.0000000000000000 0.0103659047927780
0.0288660915897175 0.0000000000000000 0.0000000000000000 0.0085606966003337
0.0030940428522288 0.0000000000000000 0.0000000000000000 0.0206987407277613
0.0691265745928474 0.0000000000000000 0.0000000000000000 0.0094180329027129
0.2831657309012084 0.0000000000000000 0.0000000000000000 0.0019798983801522
0.5311327200163813 0.0000000000000000 0.0000000000000000 0.0293624924495816
0.6810629584479567 0.0000000000000000 0.0000000000000000 0.0000000000000000
0.5731090709128799 0.1069868739694357 0.0000000000000000 0.0000000000000000
0.3778526452680430 0.0000000000000000 0.0000000000000000 0.0000000000000000
0.0102388375968326 0.0000000000000000 0.0000000000000000 0.0000000000000000
0.0623052632545723 0.0000000000000000 0.0000000000000000 0.0000000000000000
0.0170478932851670 0.0621561035733013 0.0000000000000000 0.0000000000000000
0.0000000000000000 0.0000000000000000 0.0278384280701479 0.0000000000000000
0.0000000000000000 0.0000000000000000 0.0000000000000000 0.0000000000000000
0.0265920574612477 0.0000000000000000 0.0000000000000000 0.0000000000000000
0.0745523627336118 0.0000000000000000 0.0000000000000000 0.0000000000000000
0.0321251904701485 0.0000000000000000 0.0000000000000000 0.0000000000000000
0.0021442008223020 0.0000000000000000 0.0289010578656897 0.0000000000000000
0.0000000000000000 0.0000000000000000 0.0484100414257424 0.0000000000000000
0.0000000000000000 0.0000000000000000 0.1083115397788146 0.0000000000000000
0.0000000000000000 0.0000000000000000 0.0115619217648227 0.0000000000000000
0.1085861977847184 0.1640902769843153 0.0000000000000000 0.0000000000000000
0.2421550341534849 0.0000000000000000 0.0003954094049394 0.0000000000000000
0.1961872545965748 0.0000000000000000 0.0000000000000000 0.2666744039704403
0.2743745692074298 0.0000000000000000 0.0000000000000000 0.1285637761539249
0.0000000000000000 0.0000000000000000 0.0000000000000000 0.0578411208502219
0.0000000000000000 0.0000000000000000 0.0000000000000000 0.0573813586039286
0.0000000000000000 0.0000000000000000 0.0000000000000000 0.0621373027745707
0.0000000000000000 0.0000000000000000 0.0000000000000000 0.0594174148094859
0.0051819811702944 0.0000000000000000 0.0000000000000000 0.0547559610421897
0.0092958615544964 0.0000000000000000 0.0000000000000000 0.0000000000000000
0.0834591787089321 0.0000000000000000 0.0000000000000000 0.0012492322344698
0.2571605621453596 0.0000000000000000 0.0000000000000000 0.0000000000000000
0.5522162336783079 0.0000000000000000 0.0000000000000000 0.0000000000000000
0.6745665751689789 0.0000000000000000 0.0000000000000000 0.0000000000000000
0.5293358065187932 0.0000000000000000 0.0000000000000000 0.0000000000000000
0.3397136108986303 0.0323466284675341 0.0000000000000000 0.0000000000000000
0.3286751608492112 0.1388622581739636 0.0000000000000000 0.0000000000000000
0.1564139218745279 0.0000000000000000 0.0000000000000000 0.0000000000000000
0.0151717529431276 0.0000000000000000 0.0000000000000000 0.0000000000000000
0.0738074507637351 0.0000000000000000 0.0000000000000000 0.0000000000000000
0.0000000000000000 0.0429646483312051 0.0000000000000000 0.0000000000000000
0.0000000000000000 0.0000000000000000 0.0955175881219261 0.0000000000000000
0.0000000000000000 0.0000000000000000 0.0593161350663971 0.0000000000000000
0.0000000000000000 0.0000000000000000 0.0572548363796052 0.0000000000000000
0.0000000000000000 0.0000000000000000 0.0572874402079512 0.0000000000000000
0.0000000000000000 0.0000000000000000 0.1079004374935347 0.0000000000000000
0.0000000000000000 0.0000000000000000 0.1418492891990086 0.0000000000000000
0.0000000000000000 0.0000000000000000 0.0695727532400805 0.0000000000000000
0.0000000000000000 0.0000000000000000 0.0348277547853251 0.0000000000000000
0.0000000000000000 0.0000000000000000 0.0000000000000000 0.0000000000000000
0.1275983567769620 0.3236252354275362 0.0000000000000000 0.0000000000000000
0.3130138006718719 0.0000000000000000 0.0000000000000000 0.0000000000000000
0.0035293093937286 0.0000000000000000 0.0000000000000000 0.1630004375972146
0.1768590487539769 0.0000000000000000 0.0000000000000000 0.2277559080142892
0.0113170499749045 0.0000000000000000 0.0000000000000000 0.0620226990048061
0.0000000000000000 0.0000000000000000 0.0000000000000000 0.0584514373036868
0.0000000000000000 0.0000000000000000 0.0000000000000000 0.0544886902175551
0.0000000000000000 0.0000000000000000 0.0000000000000000 0.0556268561321000
0.0000000000000000 0.0000000000000000 0.0000000000000000 0.0526493484519568
0.3017581269291103 0.0000000000000000 0.0000000000000000 0.0000000000000000
0.5515386496542715 0.0000000000000000 0.0000000000000000 0.0000000000000000
0.6617189808657357 0.0000000000000000 0.0000000000000000 0.0000000000000000
0.5745534423957852 0.0000000000000000 0.0000000000000000 0.0000000000000000
0.3522854346708924 0.0000000000000000 0.0000000000000000 0.0000000000000000
0.0617748169191912 0.0000000000000000 0.0022564718755437 0.0000000000000000
0.0071086795160583 0.0000000000000000 0.0000000000000000 0.0000000000000000
0.1081739179497841 0.0169369269162417 0.0000000000000000 0.0000000000000000
0.1523214567379625 0.0000000000000000 0.0000000000000000 0.0000000000000000
0.0523022026261863 0.0000000000000000 0.0000000000000000 0.0000000000000000
0.0692458013547402 0.0000000000000000 0.0000000000000000 0.0000000000000000
0.0625085426165779 0.0000000000000000 0.0000000000000000 0.0000000000000000
0.0000000000000000 0.0000000000000000 0.0000000000000000 0.0000000000000000
0.0000000000000000 0.0000000000000000 0.0000000000000000 0.0000000000000000
0.0000000000000000 0.0000000000000000 0.0184282972020846 0.0000000000000000
0.0000000000000000 0.0000000000000000 0.0282585764851640 0.0000000000000000
0.0000000000000000 0.0000000000000000 0.0424665651192853 0.0000000000000000
0.0000000000000000 0.0000000000000000 0.0190460476001688 0.0000000000000000
0.0000000000000000 0.0000000000000000 0.0000000000000000 0.0000000000000000
0.0055067346814801 0.0000000000000000 0.0000000000000000 0.0000000000000000
0.0183765821451066 0.0000000000000000 0.0000000000000000 0.0000000000000000
0.1893388894112671 0.3230265425627722 0.0000000000000000 0.0000000000000000
0.2775985537644695 0.0083018074652143 0.0057774851208224 0.0000000000000000
0.0054528814174381 0.0000000000000000 0.0806826102675176 0.0968262674834798
0.0204511757428739 0.0000000000000000 0.0000000000000000 0.2656599493660764
0.2402003367011450 0.0000000000000000 0.0000000000000000 0.1088060345884194
0.0176009701601431 0.0000000000000000 0.0000000000000000 0.0650674515878599
0.0077960045168215 0.0000000000000000 0.0000000000000000 0.0566520625177551
0.0000000000000000 0.0000000000000000 0.0000000000000000 0.0506169829736738
0.0013306359888291 0.0000000000000000 0.0000000000000000 0.0520784370016818
