0.0041348789818585 0.0000000000000000 0.0000000000000000 0.0029239552095532
0.0000000000000000 0.0000000000000000 0.0000000000000000 0.0000000000000000
0.1270972341299057 0.0000000000000000 0.0000000000000000 0.0098222987726331
0.3025075197219849 0.0000000000000000 0.0000000000000000 0.0000000000000000
0.2939147055149078 0.0000000000000000 0.0000000000000000 0.0000000000000000
0.3060762584209442 0.0000000000000000 0.0000000000000000 0.0000000000000000
0.2841708660125732 0.0000000000000000 0.0641908869147301 0.0000000000000000
0.0970064625144005 0.0245736818760633 0.1320761144161224 0.0000000000000000
0.0000000000000000 0.0307930875569582 0.1489985287189484 0.0000000000000000
0.0000000000000000 0.0956439599394798 0.1287508159875870 0.0000000000000000
0.1040671840310097 0.0668999105691910 0.0496991649270058 0.0000000000000000
0.0849376842379570 0.0000000000000000 0.0517886057496071 0.1313926279544830
0.0981372147798538 0.0000000000000000 0.0000000000000000 0.1501647830009460
0.0000000000000000 0.0000000000000000 0.0000000000000000 0.0290008056908846
0.0000000000000000 0.0000000000000000 0.0000000000000000 0.0265255663543940
0.0064955255948007 0.0000000000000000 0.0000000000000000 0.0030263196676970
0.0000000000000000 0.0000000000000000 0.0000000000000000 0.0054244850762188
0.1370771676301956 0.1228202059864998 0.0000000000000000 0.0000000000000000
0.2575042545795441 0.0909212678670883 0.0000000000000000 0.0000000000000000
0.1843216568231583 0.0000000000000000 0.1062424927949905 0.0000000000000000
0.0000000000000000 0.0000000000000000 0.1196192204952240 0.0000000000000000
0.0000000000000000 0.0000000000000000 0.1236454099416733 0.0000000000000000
0.0000000000000000 0.0000000000000000 0.0759741514921188 0.0000000000000000
0.0097595928236842 0.0000000000000000 0.0697440356016159 0.0000000000000000
0.0076133850961924 0.0421413667500019 0.1108066812157631 0.0000000000000000
0.0000000000000000 0.1111805289983749 0.1150460615754128 0.0000000000000000
0.0000000000000000 0.0516708008944988 0.1567849218845367 0.0581174828112125
0.1653195321559906 0.0000000000000000 0.0000000000000000 0.1710200905799866
0.0070478273555636 0.0000000000000000 0.0000000000000000 0.0344130694866180
0.0000000000000000 0.0000000000000000 0.0000000000000000 0.0329464189708233
0.0000000000000000 0.0000000000000000 0.0000000000000000 0.0000000000000000
0.0013613785849884 0.0000000000000000 0.0000000000000000 0.0079611679539084
0.2172643095254898 0.2731795608997345 0.0000000000000000 0.0000000000000000
0.2938455343246460 0.0738887116312981 0.1235062256455421 0.0000000000000000
0.0000000000000000 0.0000000000000000 0.0788668841123581 0.0000000000000000
0.0096588432788849 0.0000000000000000 0.0047502401284873 0.0000000000000000
0.0076452270150185 0.0000000000000000 0.0000000000000000 0.0000000000000000
0.0164692960679531 0.0000000000000000 0.0000000000000000 0.0000000000000000
0.0333202630281448 0.0000000000000000 0.0000000000000000 0.0000000000000000
0.0150825185701251 0.0000000000000000 0.0000000000000000 0.0000000000000000
0.0065180901437998 0.0000000000000000 0.0437624268233776 0.0000000000000000
0.0637536644935608 0.1320149898529053 0.0021699720527977 0.0000000000000000
0.2733659446239471 0.0000000000000000 0.0000000000000000 0.1561129242181778
0.3110346198081970 0.0000000000000000 0.0000000000000000 0.1580127179622650
0.0000000000000000 0.0000000000000000 0.0000000000000000 0.0394275821745396
0.0000000000000000 0.0000000000000000 0.0000000000000000 0.0014286517398432
0.0000000000000000 0.0000000000000000 0.0038662878796458 0.0312007330358028
0.2441046983003616 0.2973751127719879 0.0000000000000000 0.0000000000000000
0.1247388198971748 0.0000000000000000 0.0882946848869324 0.0000000000000000
0.0185297504067421 0.0000000000000000 0.0000000000000000 0.0000000000000000
0.0194179378449917 0.0000000000000000 0.0000000000000000 0.0000000000000000
0.0254064630717039 0.0000000000000000 0.0000000000000000 0.0000000000000000
0.0181234497576952 0.0000000000000000 0.0000000000000000 0.0000000000000000
0.0439236350357533 0.0000000000000000 0.0000000000000000 0.0000000000000000
0.0494655929505825 0.0000000000000000 0.0000000000000000 0.0000000000000000
0.0431070961058140 0.0000000000000000 0.0000000000000000 0.0000000000000000
0.1621311008930206 0.2020236104726791 0.0000000000000000 0.0000000000000000
0.1268723160028458 0.0000000000000000 0.0367673560976982 0.0000000000000000
0.0440905317664146 0.0000000000000000 0.1919667869806290 0.1788673102855682
0.0000000000000000 0.0000000000000000 0.0000000000000000 0.0477364957332611
0.0072230254299939 0.0000000000000000 0.0000000000000000 0.0114529626443982
0.0000000000000000 0.0000000000000000 0.0000000000000000 0.0284881405532360
0.0413239747285843 0.4255673289299011 0.0001712478260743 0.0000000000000000
0.0000000000000000 0.0000000000000000 0.3046492934226990 0.0000000000000000
0.2660093009471893 0.0000000000000000 0.0000000000000000 0.0000000000000000
0.3496370613574982 0.0000000000000000 0.0000000000000000 0.0000000000000000
0.2873882055282593 0.0000000000000000 0.0000000000000000 0.0000000000000000
0.0889692679047585 0.0000000000000000 0.0000000000000000 0.0000000000000000
0.1883377730846405 0.0000000000000000 0.0000000000000000 0.0000000000000000
0.2739198505878448 0.0000000000000000 0.0000000000000000 0.0000000000000000
0.2954423129558563 0.0000000000000000 0.0000000000000000 0.0000000000000000
0.1914761662483215 0.1929802447557449 0.0000000000000000 0.0000000000000000
0.0911792442202568 0.0000000000000000 0.3184384405612946 0.0000000000000000
0.0000000000000000 0.0000000000000000 0.1989277899265289 0.1675606518983841
0.0000000000000000 0.0000000000000000 0.0000000000000000 0.0547084808349609
0.0119473999366164 0.0000000000000000 0.0000000000000000 0.0171051919460297
0.0000000000000000 0.0000000000000000 0.0000000000000000 0.0321143530309200
0.0000000000000000 0.3577893078327179 0.0000000000000000 0.0312277395278215
0.0133900735527277 0.0845390409231186 0.2735005617141724 0.0000000000000000
0.1305598318576813 0.0511774942278862 0.0375584438443184 0.0000000000000000
0.2387555390596390 0.0000000000000000 0.0303672850131989 0.0000000000000000
0.1577924787998199 0.0000000000000000 0.0135275796055794 0.0000000000000000
0.0407882742583752 0.0000000000000000 0.0000000000000000 0.0000000000000000
0.1504891812801361 0.0131329698488116 0.0000000000000000 0.0000000000000000
0.0691360756754875 0.0000000000000000 0.0120161417871714 0.0000000000000000
0.1326931118965149 0.0000000000000000 0.0887353494763374 0.0000000000000000
0.0024916408583522 0.1645199656486511 0.0496701002120972 0.0000000000000000
0.0000000000000000 0.0331662409007549 0.3896883130073547 0.0895745903253555
0.0000000000000000 0.0000000000000000 0.0268389116972685 0.2339772880077362
0.0000000000000000 0.0000000000000000 0.0000000000000000 0.0548216998577118
0.0000000000000000 0.0000000000000000 0.0000000000000000 0.0182773862034082
0.0000000000000000 0.0000000000000000 0.0000000000000000 0.0339340530335903
0.0453511998057365 0.0000000000000000 0.0000000000000000 0.0242181774228811
0.2013045698404312 0.0896823108196259 0.0000000000000000 0.0000000000000000
0.0991248637437820 0.0642240270972252 0.1009040549397469 0.0000000000000000
0.0244842953979969 0.0467213541269302 0.1808135211467743 0.0000000000000000
0.0000000000000000 0.0000000000000000 0.1863032430410385 0.0000000000000000
0.0000000000000000 0.0473119281232357 0.0094889337196946 0.0000000000000000
0.0277443528175354 0.1113980337977409 0.0998311340808868 0.0000000000000000
0.0365033373236656 0.0578846409916878 0.1265534013509750 0.0000000000000000
0.0042409431189299 0.0000000000000000 0.1210186108946800 0.0000000000000000
0.0720973834395409 0.1808231472969055 0.0263503752648830 0.0000000000000000
0.1011823415756226 0.0610293224453926 0.3595340251922607 0.0976251885294914
0.0000000000000000 0.0000000000000000 0.0000000000000000 0.2327051460742950
0.0000000000000000 0.0000000000000000 0.0000000000000000 0.0582410842180252
0.0004666931927204 0.0000000000000000 0.0000000000000000 0.0212864913046360
0.0000000000000000 0.0000000000000000 0.0000000000000000 0.0386594533920288
0.0000000000000000 0.0000000000000000 0.0000000000000000 0.0436593331396580
0.0939189046621323 0.1351430118083954 0.0619104467332363 0.0000000000000000
0.0245538819581270 0.0000000000000000 0.0324487611651421 0.0000000000000000
0.0000000000000000 0.0000000000000000 0.0954725146293640 0.0000000000000000
0.0000000000000000 0.0000000000000000 0.1054517626762390 0.0000000000000000
0.0034370354842395 0.0000000000000000 0.0000000000000000 0.0000000000000000
0.0243444461375475 0.0063916598446667 0.0836515203118324 0.0000000000000000
0.0000000000000000 0.0000000000000000 0.1023643761873245 0.0000000000000000
0.0000000000000000 0.0000000000000000 0.0925671011209488 0.0000000000000000
0.0000000000000000 0.0538327209651470 0.0338711589574814 0.0000000000000000
0.0000000000000000 0.0000000000000000 0.3705121278762817 0.1579416096210480
0.0000000000000000 0.0000000000000000 0.0251789372414351 0.1648193299770355
0.0000000000000000 0.0000000000000000 0.0000000000000000 0.0572946630418301
0.0000000000000000 0.0000000000000000 0.0000000000000000 0.0226412862539291
0.0000000000000000 0.0000000000000000 0.0000000000000000 0.0391247756779194
0.0000000000000000 0.0000000000000000 0.0000000000000000 0.0469319745898247
0.1479989886283875 0.1657030880451202 0.0137584544718266 0.0000000000000000
0.0458441637456417 0.0000000000000000 0.0000000000000000 0.0000000000000000
0.0396860428154469 0.0000000000000000 0.0000000000000000 0.0000000000000000
0.2280274480581284 0.0398414470255375 0.0000000000000000 0.0000000000000000
0.2375724613666534 0.0000000000000000 0.0000000000000000 0.0000000000000000
0.1484872847795486 0.0000000000000000 0.0000000000000000 0.0000000000000000
0.0451788268983364 0.0000000000000000 0.0000000000000000 0.0000000000000000
0.0013680697884411 0.0000000000000000 0.0068923020735383 0.0000000000000000
0.0426437370479107 0.0000000000000000 0.0003152887511533 0.0000000000000000
0.0000000000000000 0.0000000000000000 0.2342800050973892 0.1890019625425339
0.0000000000000000 0.0000000000000000 0.0000000000000000 0.0650946497917175
0.0014866259880364 0.0000000000000000 0.0000000000000000 0.0632218793034554
0.0080619826912880 0.0000000000000000 0.0000000000000000 0.0248906370252371
0.0000000000000000 0.0000000000000000 0.0000000000000000 0.0364522524178028
0.0000000000000000 0.0000000000000000 0.0000000000000000 0.0481206960976124
0.1892979294061661 0.1928122639656067 0.0000000000000000 0.0000000000000000
0.0715184658765793 0.0000000000000000 0.0000000000000000 0.0000000000000000
0.0878783911466599 0.0000000000000000 0.0000000000000000 0.0000000000000000
0.0762824192643166 0.0516101457178593 0.0800613239407539 0.0000000000000000
0.0729715824127197 0.0000000000000000 0.0000000000000000 0.0000000000000000
0.0713815242052078 0.0000000000000000 0.0000000000000000 0.0000000000000000
0.0347098298370838 0.0000000000000000 0.0000000000000000 0.0000000000000000
0.0132892979308963 0.0000000000000000 0.0000000000000000 0.0000000000000000
0.0705734491348267 0.0000000000000000 0.1463195383548737 0.0331896729767323
0.0000000000000000 0.0000000000000000 0.1076908484101295 0.1820851564407349
0.0000000000000000 0.0000000000000000 0.0000000000000000 0.0625876337289810
0.0000000000000000 0.0000000000000000 0.0000000000000000 0.0614986270666122
0.0118946833536029 0.0000000000000000 0.0000000000000000 0.0229197107255459
0.0000000000000000 0.0000000000000000 0.0000000000000000 0.0342291407287121
0.0000000000000000 0.0000000000000000 0.0000000000000000 0.0430551320314407
0.0325167067348957 0.2320773750543594 0.0129959583282471 0.0000000000000000
0.0607479438185692 0.0000000000000000 0.0960656851530075 0.0000000000000000
0.0978484153747559 0.0000000000000000 0.0000000000000000 0.0000000000000000
0.1311897933483124 0.0000000000000000 0.0000000000000000 0.0000000000000000
0.1269558817148209 0.0000000000000000 0.0000000000000000 0.0000000000000000
0.1019760817289352 0.0000000000000000 0.0000000000000000 0.0000000000000000
0.0718100294470787 0.0000000000000000 0.0000000000000000 0.0000000000000000
0.0713191404938698 0.0000000000000000 0.0000000000000000 0.0000000000000000
0.0710328668355942 0.0000000000000000 0.2900042235851288 0.0489697940647602
0.0000000000000000 0.0000000000000000 0.0055672936141491 0.2004249244928360
0.0079634422436357 0.0000000000000000 0.0000000000000000 0.0704850926995277
0.0092430934309959 0.0000000000000000 0.0000000000000000 0.0632296502590179
0.0109851351007819 0.0000000000000000 0.0000000000000000 0.0191759150475264
0.0002684160135686 0.0000000000000000 0.0000000000000000 0.0335297957062721
0.0075182663276792 0.0000000000000000 0.0000000000000000 0.0405784398317337
0.0749291479587555 0.2513016462326050 0.0000000000000000 0.0409757308661938
0.1327874362468719 0.1827880889177322 0.0537568330764771 0.0000000000000000
0.1019969061017036 0.0000000000000000 0.0000000000000000 0.0000000000000000
0.0834543928503990 0.0000000000000000 0.0000000000000000 0.0000000000000000
0.1043107211589813 0.0000000000000000 0.0380423590540886 0.0000000000000000
0.0781857892870903 0.0000000000000000 0.0278597958385944 0.0000000000000000
0.0443763844668865 0.0000000000000000 0.0000000000000000 0.0000000000000000
0.1020604223012924 0.0000000000000000 0.1294957101345062 0.0000000000000000
0.0000000000000000 0.0000000000000000 0.1989265382289886 0.1558854728937149
0.0000000000000000 0.0000000000000000 0.0249749999493361 0.1007696613669395
0.0127436649054289 0.0000000000000000 0.0000000000000000 0.0588481687009335
0.0000000000000000 0.0000000000000000 0.0000000000000000 0.0629095658659935
0.0196387525647879 0.0000000000000000 0.0000000000000000 0.0185374449938536
0.0114109162241220 0.0000000000000000 0.0000000000000000 0.0246809609234333
0.0007526237168349 0.0000000000000000 0.0000000000000000 0.0326277390122414
0.1502323895692825 0.0000000000000000 0.0000000000000000 0.0368510708212852
0.3843332529067993 0.2138280570507050 0.0136999096721411 0.0000000000000000
0.0172501225024462 0.0000000000000000 0.0000000000000000 0.0000000000000000
0.0732421055436134 0.0000000000000000 0.0000000000000000 0.0000000000000000
0.0579346679151058 0.0000000000000000 0.0345348007977009 0.0000000000000000
0.0715324133634567 0.0000000000000000 0.0000000000000000 0.0000000000000000
0.0903014093637466 0.0000000000000000 0.0000000000000000 0.0000000000000000
0.0240267086774111 0.0000000000000000 0.2558601498603821 0.1064463481307030
0.1404879093170166 0.0000000000000000 0.1478424817323685 0.1760282665491104
0.0000000000000000 0.0000000000000000 0.0000000000000000 0.0688552707433701
0.0000000000000000 0.0000000000000000 0.0000000000000000 0.0621475242078304
0.0086945537477732 0.0000000000000000 0.0000000000000000 0.0591342598199844
0.0288660917431116 0.0000000000000000 0.0000000000000000 0.0157367102801800
0.0691265761852264 0.0000000000000000 0.0000000000000000 0.0262356735765934
0.5311326980590820 0.0000000000000000 0.0000000000000000 0.0294635184109211
0.6810629367828369 0.1356728374958038 0.0000000000000000 0.0141449309885502
0.4919530153274536 0.0000000000000000 0.0000000000000000 0.0000000000000000
0.0790001451969147 0.0621561035513878 0.0000000000000000 0.0000000000000000
0.2618453800678253 0.0000000000000000 0.0278384275734425 0.0000000000000000
0.2304867655038834 0.0000000000000000 0.0000000000000000 0.0000000000000000
0.2284504622220993 0.0000000000000000 0.0289010573178530 0.0000000000000000
0.1601091474294662 0.0000000000000000 0.1083115413784981 0.0000000000000000
0.1085861995816231 0.1640902757644653 0.0782466381788254 0.0143258683383465
0.2422101199626923 0.0000000000000000 0.0003954094136134 0.2666743993759155
0.2743745744228363 0.0000000000000000 0.0000000000000000 0.1285637766122818
0.0000000000000000 0.0000000000000000 0.0000000000000000 0.0624218173325062
0.0051819812506437 0.0000000000000000 0.0000000000000000 0.0594174154102802
0.5515386462211609 0.0000000000000000 0.0000000000000000 0.0012492322130129
0.6617189645767212 0.0000000000000000 0.0000000000000000 0.0000000000000000
0.6745665669441223 0.0000000000000000 0.0022564718965441 0.0000000000000000
0.3397136032581329 0.1388622522354126 0.0000000000000000 0.0000000000000000
0.1564139276742935 0.0000000000000000 0.0000000000000000 0.0000000000000000
0.0738074481487274 0.0429646484553814 0.0000000000000000 0.0000000000000000
0.0000000000000000 0.0000000000000000 0.0955175906419754 0.0000000000000000
0.0000000000000000 0.0000000000000000 0.0572874397039413 0.0000000000000000
0.0000000000000000 0.0000000000000000 0.1418492943048477 0.0000000000000000
0.0055067348293960 0.0000000000000000 0.0695727542042732 0.0000000000000000
0.1893388926982880 0.3236252367496490 0.0000000000000000 0.0000000000000000
0.3130137920379639 0.0083018075674772 0.0806826129555702 0.1630004346370697
0.2402003407478333 0.0000000000000000 0.0000000000000000 0.2656599581241608
0.0176009703427553 0.0000000000000000 0.0000000000000000 0.0650674551725388
0.0013306359760463 0.0000000000000000 0.0000000000000000 0.0556268543004990
