0.0000000000000000
0.0000000000000000
0.0000000000000000
0.0000000000000000
0.0000000000000000
0.0000000000000000
0.0000000000000000
0.0000000000000000
0.2340234369039536
0.3168288767337799
0.0000000000000000
0.0000000000000000
0.3386377990245819
0.1180595308542252
0.0249581206589937
0.0000000000000000
0.0516371876001358
0.0000000000000000
0.1293802708387375
0.0000000000000000
0.0000000000000000
0.0000000000000000
0.1371703147888184
0.0000000000000000
0.0000000000000000
0.0000000000000000
0.1249023899435997
0.0000000000000000
0.0000000000000000
0.0000000000000000
0.0993959531188011
0.0000000000000000
0.0429676361382008
0.0232544597238302
0.0790521726012230
0.0000000000000000
0.2375712990760803
0.0000000000000000
0.0321983098983765
0.0000000000000000
0.3000902235507965
0.0000000000000000
0.0000000000000000
0.0000000000000000
0.2105973660945892
0.0000000000000000
0.0000000000000000
0.0000000000000000
0.1771607249975204
0.0000000000000000
0.0000000000000000
0.0405766479671001
0.0285550970584154
0.0000000000000000
0.0000000000000000
0.0000000000000000
0.0201979298144579
0.0000000000000000
0.0000000000000000
0.0000000000000000
0.0000000000000000
0.0000000000000000
0.0000000000000000
0.0087277311831713
0.0924164578318596
0.0000000000000000
0.0000000000000000
0.0069436063058674
0.3624433875083923
0.3404326736927032
0.0000000000000000
0.0000000000000000
0.1399478167295456
0.0578978359699249
0.1326925605535507
0.0000000000000000
0.0000000000000000
0.0000000000000000
0.1163746640086174
0.0000000000000000
0.0000000000000000
0.0000000000000000
0.0802747681736946
0.0000000000000000
0.0007395872962661
0.0000000000000000
0.0472295321524143
0.0000000000000000
0.0000000000000000
0.0000000000000000
0.0671693384647369
0.0000000000000000
0.0000000000000000
0.0000000000000000
0.0858745872974396
0.0000000000000000
0.0000000000000000
0.0275099538266659
0.0928525328636169
0.0000000000000000
0.0000000000000000
0.0580870993435383
0.0483085848391056
0.0000000000000000
0.1309085041284561
0.0000000000000000
0.0000000000000000
0.0000000000000000
0.0420374460518360
0.0000000000000000
0.1386412829160690
0.0813344344496727
0.0000000000000000
0.0000000000000000
0.0000000000000000
0.0000000000000000
0.0032515558414161
0.0000000000000000
0.0000000000000000
0.0000000000000000
0.0000000000000000
0.0000000000000000
0.0000000000000000
0.0142062278464437
0.3012835383415222
0.2098570913076401
0.0000000000000000
0.0000000000000000
0.4667214453220367
0.0802158936858177
0.0959072634577751
0.0000000000000000
0.0019389212829992
0.0000000000000000
0.0469803065061569
0.0000000000000000
0.0132512310519814
0.0000000000000000
0.0000000000000000
0.0000000000000000
0.0301470384001732
0.0000000000000000
0.0000000000000000
0.0000000000000000
0.0132660008966923
0.0000000000000000
0.0000000000000000
0.0000000000000000
0.0216819941997528
0.0000000000000000
0.0000000000000000
0.0000000000000000
0.0126468800008297
0.0000000000000000
0.0000000000000000
0.0000000000000000
0.0166008807718754
0.0000000000000000
0.0000000000000000
0.0000000000000000
0.0224453210830688
0.1150180473923683
0.0099793560802937
0.0000000000000000
0.0663081929087639
0.1442729234695435
0.0117658767849207
0.0000000000000000
0.0000000000000000
0.0000000000000000
0.2542671561241150
0.1325545012950897
0.0000000000000000
0.0000000000000000
0.0000000000000000
0.0000000000000000
0.0000000000000000
0.0000000000000000
0.0000000000000000
0.0000000000000000
0.0150545872747898
0.0000000000000000
0.0000000000000000
0.0100226840004325
0.2817901670932770
0.3715407848358154
0.0000000000000000
0.0000000000000000
0.1840921193361282
0.0000000000000000
0.0993942320346832
0.0000000000000000
0.0212098732590675
0.0000000000000000
0.0000000000000000
0.0000000000000000
0.0218265447765589
0.0000000000000000
0.0000000000000000
0.0000000000000000
0.0064207836985588
0.0000000000000000
0.0000000000000000
0.0000000000000000
0.0274765305221081
0.0000000000000000
0.0000000000000000
0.0000000000000000
0.0137610202655196
0.0000000000000000
0.0000000000000000
0.0000000000000000
0.0232797786593437
0.0000000000000000
0.0000000000000000
0.0000000000000000
0.0326488912105560
0.0000000000000000
0.0000000000000000
0.0000000000000000
0.0449333935976028
0.0458224676549435
0.0000000000000000
0.0000000000000000
0.1044934839010239
0.1755502671003342
0.0479978322982788
0.0000000000000000
0.0000000000000000
0.0000000000000000
0.2679956257343292
0.1371197849512100
0.0067048785276711
0.0000000000000000
0.0000000000000000
0.0000000000000000
0.0049755689688027
0.0000000000000000
0.0000000000000000
0.0000000000000000
0.0000000000000000
0.0000000000000000
0.0000000000000000
0.0223072804510593
0.1746681034564972
0.4110895395278931
0.0584513992071152
0.0000000000000000
0.0536776930093765
0.1728117465972900
0.1479841917753220
0.0000000000000000
0.1675230562686920
0.0000000000000000
0.0000000000000000
0.0000000000000000
0.2784752249717712
0.0000000000000000
0.0000000000000000
0.0000000000000000
0.2381025403738022
0.0000000000000000
0.0000000000000000
0.0000000000000000
0.1464695185422897
0.0000000000000000
0.0000000000000000
0.0000000000000000
0.1108174473047256
0.0000000000000000
0.0000000000000000
0.0000000000000000
0.2222437560558319
0.0000000000000000
0.0000000000000000
0.0000000000000000
0.3422814011573792
0.0000000000000000
0.0000000000000000
0.0000000000000000
0.2871371805667877
0.0000000000000000
0.0000000000000000
0.0000000000000000
0.1325727552175522
0.1353430896997452
0.3553343713283539
0.0000000000000000
0.0000000000000000
0.0000000000000000
0.2774654626846313
0.1059018820524216
0.0125007275491953
0.0000000000000000
0.0000000000000000
0.0000000000000000
0.0041957176290452
0.0000000000000000
0.0000000000000000
0.0000000000000000
0.0000000000000000
0.0000000000000000
0.0000000000000000
0.0228434614837170
0.0862664654850960
0.3925005197525024
0.0000000000000000
0.0195959582924843
0.1996502578258514
0.3379422426223755
0.1950969099998474
0.0000000000000000
0.1405056565999985
0.0863230228424072
0.0336418002843857
0.0000000000000000
0.0758564621210098
0.0000000000000000
0.0000000000000000
0.0000000000000000
0.1448996663093567
0.0000000000000000
0.0000000000000000
0.0000000000000000
0.0724984407424927
0.0000000000000000
0.0000000000000000
0.0000000000000000
0.0850263833999634
0.0290137771517038
0.0000000000000000
0.0000000000000000
0.1296616643667221
0.0472164154052734
0.0000000000000000
0.0000000000000000
0.1066767126321793
0.0000000000000000
0.0269173420965672
0.0000000000000000
0.0204554852098227
0.0000000000000000
0.0519173219799995
0.0000000000000000
0.0042029940523207
0.0834788829088211
0.3200989663600922
0.0000000000000000
0.0307795386761427
0.0000000000000000
0.0000000000000000
0.1254678368568420
0.0100012598559260
0.0000000000000000
0.0000000000000000
0.0000000000000000
0.0189022831618786
0.0000000000000000
0.0000000000000000
0.0000000000000000
0.0000000000000000
0.0000000000000000
0.0000000000000000
0.0267656985670328
0.0485316924750805
0.3148226439952850
0.0000000000000000
0.0273201074451208
0.1159224137663841
0.3939638435840607
0.3157681524753571
0.0000000000000000
0.0514286607503891
0.0000000000000000
0.0324397273361683
0.0000000000000000
0.0902045220136642
0.1158828884363174
0.0786075890064240
0.0000000000000000
0.0960336998105049
0.0000000000000000
0.1298157274723053
0.0000000000000000
0.0336983837187290
0.0000000000000000
0.1282485127449036
0.0000000000000000
0.0532249398529530
0.0501973479986191
0.0000000000000000
0.0000000000000000
0.0472618937492371
0.0761551931500435
0.0790288597345352
0.0000000000000000
0.0000000000000000
0.0000000000000000
0.0996535345911980
0.0000000000000000
0.0000000000000000
0.0000000000000000
0.0558087266981602
0.0000000000000000
0.0000000000000000
0.0000000000000000
0.1300175637006760
0.0026124189607799
0.0000000000000000
0.0000000000000000
0.0000000000000000
0.0673647522926331
0.0108597744256258
0.0000000000000000
0.0000000000000000
0.0000000000000000
0.0118872448801994
0.0000000000000000
0.0000000000000000
0.0000000000000000
0.0000000000000000
0.0000000000000000
0.0000000000000000
0.0311959050595760
0.0000000000000000
0.0000000000000000
0.0000000000000000
0.0318169780075550
0.0082143750041723
0.2442857772111893
0.2332133799791336
0.0000000000000000
0.0422926321625710
0.0829968005418777
0.0426106154918671
0.0000000000000000
0.0334032773971558
0.0513283200562000
0.0620684176683426
0.0000000000000000
0.0000000000000000
0.0000000000000000
0.0977059379220009
0.0000000000000000
0.0000000000000000
0.0000000000000000
0.1355362683534622
0.0000000000000000
0.0057275542058051
0.0000000000000000
0.0011390576837584
0.0000000000000000
0.0000000000000000
0.0095388283953071
0.0857694223523140
0.0000000000000000
0.0000000000000000
0.0000000000000000
0.0511968880891800
0.0000000000000000
0.0159395225346088
0.0000000000000000
0.0215805694460869
0.0000000000000000
0.0405162684619427
0.0000000000000000
0.1252434104681015
0.0169835072010756
0.0079658292233944
0.0000000000000000
0.0000000000000000
0.0856573730707169
0.0203132871538401
0.0000000000000000
0.0000000000000000
0.0000000000000000
0.0159032866358757
0.0000000000000000
0.0000000000000000
0.0000000000000000
0.0035529658198357
0.0000000000000000
0.0000000000000000
0.0291049480438232
0.0000000000000000
0.0000000000000000
0.0000000000000000
0.0347083956003189
0.0567370280623436
0.1211266219615936
0.0000000000000000
0.0266860816627741
0.1307435780763626
0.0662422701716423
0.0000000000000000
0.0000000000000000
0.0333943888545036
0.0000000000000000
0.0000000000000000
0.0000000000000000
0.0061682397499681
0.0000000000000000
0.0266917906701565
0.0000000000000000
0.0210669040679932
0.0000000000000000
0.0000000000000000
0.0000000000000000
0.1038237661123276
0.0000000000000000
0.0000000000000000
0.0000000000000000
0.1476373374462128
0.0000000000000000
0.0000000000000000
0.0000000000000000
0.0539125353097916
0.0000000000000000
0.0000000000000000
0.0000000000000000
0.0503607206046581
0.0000000000000000
0.0000000000000000
0.0000000000000000
0.0508430823683739
0.0000000000000000
0.1184733510017395
0.0177513118833303
0.0169373713433743
0.0000000000000000
0.0000000000000000
0.0952500030398369
0.0272691771388054
0.0000000000000000
0.0000000000000000
0.0000000000000000
0.0141828823834658
0.0000000000000000
0.0000000000000000
0.0000000000000000
0.0000000000000000
0.0000000000000000
0.0000000000000000
0.0291137062013149
0.0024959992151707
0.0000000000000000
0.0000000000000000
0.0327448360621929
0.0156191727146506
0.0925403088331223
0.0000000000000000
0.0333945341408253
0.0510524138808250
0.1118038222193718
0.0232248492538929
0.0000000000000000
0.0475138761103153
0.0000000000000000
0.0000000000000000
0.0000000000000000
0.0359029509127140
0.0000000000000000
0.0000000000000000
0.0000000000000000
0.1526862233877182
0.0000000000000000
0.0000000000000000
0.0000000000000000
0.1526085585355759
0.0000000000000000
0.0000000000000000
0.0000000000000000
0.1351006478071213
0.0000000000000000
0.0000000000000000
0.0000000000000000
0.0781129971146584
0.0000000000000000
0.0000000000000000
0.0000000000000000
0.0557378269731998
0.0000000000000000
0.0000000000000000
0.0000000000000000
0.0397729314863682
0.0000000000000000
0.1887500584125519
0.0050926040858030
0.0233578681945801
0.0000000000000000
0.0000000000000000
0.1007974669337273
0.0172723736613989
0.0000000000000000
0.0000000000000000
0.0000000000000000
0.0252610035240650
0.0000000000000000
0.0000000000000000
0.0000000000000000
0.0000000000000000
0.0000000000000000
0.0000000000000000
0.0242080632597208
0.0024287533015013
0.0000000000000000
0.0000000000000000
0.0348792970180511
0.0004904362140223
0.0000000000000000
0.0000000000000000
0.0341700240969658
0.1137300953269005
0.1886926591396332
0.0264465380460024
0.0000000000000000
0.0652366280555725
0.0000000000000000
0.0000000000000000
0.0000000000000000
0.0603389963507652
0.0000000000000000
0.0000000000000000
0.0000000000000000
0.1071391180157661
0.0000000000000000
0.0000000000000000
0.0000000000000000
0.0962996706366539
0.0000000000000000
0.0000000000000000
0.0000000000000000
0.0993557870388031
0.0000000000000000
0.0000000000000000
0.0000000000000000
0.1011624708771706
0.0000000000000000
0.0000000000000000
0.0000000000000000
0.0903587788343430
0.0000000000000000
0.0000000000000000
0.0000000000000000
0.0000000000000000
0.0000000000000000
0.1756493151187897
0.1133756935596466
0.0161089319735765
0.0000000000000000
0.0000000000000000
0.0135800139978528
0.0313044302165508
0.0000000000000000
0.0000000000000000
0.0000000000000000
0.0279616750776768
0.0000000000000000
0.0000000000000000
0.0000000000000000
0.0017583522712812
0.0000000000000000
0.0000000000000000
0.0277381129562855
0.0052970815449953
0.0000000000000000
0.0000000000000000
0.0267522893846035
0.0000000000000000
0.0000000000000000
0.0000000000000000
0.0328863412141800
0.0345085337758064
0.2217243015766144
0.0000000000000000
0.0000000000000000
0.0589096918702126
0.1202532723546028
0.0684030428528786
0.0000000000000000
0.1060789376497269
0.0000000000000000
0.0000000000000000
0.0000000000000000
0.0982445627450943
0.0000000000000000
0.0000000000000000
0.0000000000000000
0.0415550135076046
0.0000000000000000
0.0000000000000000
0.0000000000000000
0.0308640673756599
0.0000000000000000
0.0000000000000000
0.0000000000000000
0.0739247575402260
0.0000000000000000
0.0000000000000000
0.0000000000000000
0.0722348019480705
0.0000000000000000
0.1269933134317398
0.0000000000000000
0.0000000000000000
0.0000000000000000
0.2196677327156067
0.1022306084632874
0.0201048217713833
0.0000000000000000
0.0000000000000000
0.0000000000000000
0.0403911247849464
0.0000000000000000
0.0000000000000000
0.0000000000000000
0.0315866693854332
0.0000000000000000
0.0000000000000000
0.0000000000000000
0.0042091771028936
0.0000000000000000
0.0000000000000000
0.0223782584071159
0.0063693462871015
0.0000000000000000
0.0000000000000000
0.0290642697364092
0.0048917401582003
0.0000000000000000
0.0000000000000000
0.0357619635760784
0.3187478482723236
0.0822357758879662
0.0000000000000000
0.0286522004753351
0.5114538073539734
0.1964747309684753
0.0265318322926760
0.0000000000000000
0.1129607558250427
0.0000000000000000
0.0000000000000000
0.0000000000000000
0.0818363651633263
0.0000000000000000
0.0000000000000000
0.0000000000000000
0.1661991477012634
0.0032262911554426
0.0051215561106801
0.0000000000000000
0.1366203576326370
0.0000000000000000
0.0000000000000000
0.0000000000000000
0.0813757926225662
0.0000000000000000
0.0000000000000000
0.0000000000000000
0.1638853698968887
0.0011906690197065
0.0000000000000000
0.0000000000000000
0.2186067253351212
0.0000000000000000
0.0491391532123089
0.1332842707633972
0.4016569554805756
0.0000000000000000
0.0000000000000000
0.0088792461901903
0.0235825926065445
0.0000000000000000
0.0000000000000000
0.0000000000000000
0.0201741140335798
0.0000000000000000
0.0000000000000000
0.0000000000000000
0.0070125246420503
0.0000000000000000
0.0000000000000000
0.0258497931063175
0.0135741345584393
0.0000000000000000
0.0000000000000000
0.0254788380116224
0.0200919080525637
0.0000000000000000
0.0000000000000000
0.0274548456072807
0.4841333329677582
0.4206095337867737
0.0000000000000000
0.0000000000000000
0.4931139647960663
0.0000000000000000
0.1207246780395508
0.0000000000000000
0.0816142410039902
0.0592332780361176
0.0000000000000000
0.0000000000000000
0.1714863330125809
0.0000000000000000
0.0000000000000000
0.0000000000000000
0.1437795460224152
0.0000000000000000
0.0445274710655212
0.0000000000000000
0.1828926503658295
0.0000000000000000
0.0034302468411624
0.0000000000000000
0.1686219871044159
0.0000000000000000
0.0157480388879776
0.0000000000000000
0.0367442369461060
0.1625884771347046
0.0000000000000000
0.0000000000000000
0.2030984014272690
0.0000000000000000
0.0028586150147021
0.0000000000000000
0.4569160342216492
0.0000000000000000
0.0000000000000000
0.0600787810981274
0.4804413616657257
0.0000000000000000
0.0000000000000000
0.0597380623221397
0.4630857110023499
0.0000000000000000
0.0000000000000000
0.0037417036946863
0.0171065609902143
0.0000000000000000
0.0000000000000000
0.0198045875877142
0.0405067279934883
0.0000000000000000
0.0000000000000000
0.0257578473538160
0.4477708637714386
0.0135792996734381
0.0000000000000000
0.0198714528232813
0.5833871364593506
0.4711911082267761
0.0000000000000000
0.0000000000000000
0.0000000000000000
0.0000000000000000
0.1658876687288284
0.0000000000000000
0.0837583467364311
0.0522596053779125
0.0081152766942978
0.0000000000000000
0.0000000000000000
0.0437384918332100
0.0408648177981377
0.0000000000000000
0.0999956130981445
0.0000000000000000
0.0404972620308399
0.0000000000000000
0.1041358858346939
0.0000000000000000
0.0782746523618698
0.0000000000000000
0.0000000000000000
0.0000000000000000
0.0593897923827171
0.0000000000000000
0.1895923763513565
0.1216733604669571
0.0000000000000000
0.0000000000000000
0.1580151319503784
0.0000000000000000
0.0000000000000000
0.0000000000000000
0.0731778517365456
0.0394181013107300
0.0000000000000000
0.0000000000000000
0.1633049696683884
0.0475793443620205
0.0124054793268442
0.0000000000000000
0.4390678405761719
0.0000000000000000
0.0000000000000000
0.0117859868332744
