0000 0000 0000 0000
0000 0000 0000 0000
0ee5 13fe 0000 0000
1593 0745 017d 0000
034e 0000 0842 0000
0000 0000 08f5 0000
0000 0000 07e7 0000
0000 0000 0675 0000
0291 0100 04fb 0000
0f2a 0000 01de 0000
131a 0000 0000 0000
0db7 0000 0000 0000
0b7b 0000 0000 0238
01d1 0000 0000 0000
0153 0000 0000 0000
0000 0000 0000 000c
05db 0000 0000 0000
175f 1581 0000 0000
08f6 034f 0864 0000
0000 0000 0780 0000
0000 0000 051f 0000
002e 0000 02c6 0000
0000 0000 0448 0000
0000 0000 0581 0000
0000 017e 05cf 0000
0000 0382 0311 0000
0807 0000 0000 0000
02cf 0000 08cd 04c5
0000 0000 0000 0000
0011 0000 0000 0000
0000 0000 0000 004f
132d 0d68 0000 0000
1de7 04e7 064f 0000
0047 0000 0318 0000
00de 0000 0000 0000
020d 0000 0000 0000
00d5 0000 0000 0000
0152 0000 0000 0000
00bb 0000 0000 0000
0112 0000 0000 0000
0156 070a 00a8 0000
0471 08ea 009a 0000
0000 0000 1040 0804
0000 0000 0000 0000
0050 0000 0000 0000
00b5 0000 0000 0037
11e3 177e 0000 0000
0b7e 0000 067e 0000
0167 0000 0000 0000
0138 0000 0000 0000
0089 0000 0000 0000
019b 0000 0000 0000
00bb 0000 0000 0000
014c 0000 0000 0000
023c 0000 0000 0000
02cc 029b 0000 0000
06d8 0b3f 0347 0000
0000 0000 1110 084f
008e 0000 0000 0000
0054 0000 0000 0000
0000 0000 0000 00d2
0b55 19cb 03d7 0000
039a 0b0d 0973 0000
0ae7 0000 0000 0000
11cc 0000 0000 0000
0f30 0000 0000 0000
0939 0000 0000 0000
06c8 0000 0000 0000
0e23 0000 0000 0000
15f1 0000 0000 0000
1278 0000 0000 0000
0860 08c1 16ef 0000
0000 0000 1189 0663
00b1 0000 0000 0000
004f 0000 0000 0000
0000 0000 0000 00f7
0572 18f6 001c 00c6
0cb3 1587 0c9a 0000
090a 053c 0253 0000
04c8 0000 0000 0000
0935 0000 0000 0000
044c 0000 0000 0000
0541 01bb 0000 0000
08a6 02c0 0000 0000
06bf 0000 01b4 0000
0118 0000 0399 0000
004f 0552 1495 0000
0233 0000 0000 0792
00bb 0000 0000 0000
0154 0000 0000 0000
0000 0000 0000 012d
0355 13f7 0000 0131
0799 18dc 141b 0000
0308 0000 023e 0000
05c0 076d 04f5 0000
0662 0000 085c 0000
0239 0000 084b 0000
036e 02d7 0000 0000
0316 04a6 0502 0000
0000 0000 0657 0000
0000 0000 036e 0000
0000 0000 080f 0000
0021 0000 0000 03ad
007e 0000 0000 0000
00e8 0000 0000 0000
001b 0000 0000 015d
0000 0000 0000 0178
00a8 0f4d 0eb8 0000
02c2 0514 02da 0000
021c 035a 0410 0000
0000 0000 0680 0000
0000 0000 08b9 0000
0037 0000 000f 0000
0000 007c 0576 0000
0000 0000 032d 0000
012d 0000 0126 0000
0295 0000 07cc 00b8
0094 0000 0000 04e6
013e 0000 0000 0000
00e1 0000 0000 0000
0022 0000 0000 0138
0000 0000 0000 01af
037c 07e5 0000 0116
0822 03ed 0000 0000
020a 0000 0000 0000
005a 0000 01dd 0000
018c 0000 0000 0000
06b9 0000 0000 0000
0938 0000 0000 0000
0352 0000 0000 0000
032b 0000 0000 0000
0347 0000 0772 00b6
012a 0000 0000 059b
01ce 0000 0000 0000
00fd 0000 0000 0000
0000 0000 0000 0161
0000 0000 0000 0193
00c8 05e6 0000 019b
0369 070e 016d 0000
0318 0000 0000 0000
027a 0000 0000 0000
09a9 0000 0000 0000
0998 0000 0000 0000
0885 0000 0000 0000
050e 0000 0000 0000
03a5 0000 0000 0000
024e 0000 0c05 0000
0138 0000 0000 05dc
00d5 0000 0000 0000
01e0 0000 0000 0000
0000 0000 0000 011a
003b 0000 0000 01a9
0018 0000 0000 01a0
074d 0bed 01a9 0000
0407 0000 0005 0000
040d 0000 0000 0000
06ca 0000 0000 0000
060a 0000 0000 0000
0679 0000 0000 0000
06b1 0000 0000 0000
05f5 0000 0000 0000
0000 0000 0b13 06d0
0159 0000 0000 0069
020f 0000 0000 0000
01d2 0000 0000 0000
004b 0000 0000 0158
0068 0000 0000 012f
0000 0000 0000 018a
0227 0dff 0000 0000
03e1 076c 044d 0000
06ce 0000 0000 0000
0635 0000 0000 0000
02b4 0000 0000 0000
0222 0000 0000 0000
04a4 0000 0000 0000
04b2 0000 083a 0000
0000 0000 0e14 062b
0155 0000 0000 0000
025d 0000 0000 0000
01c7 0000 0000 0000
0030 0000 0000 00d9
0090 0000 0000 0152
0037 0000 0000 01a2
1421 050e 0000 0141
2086 0c7b 01ee 0000
075a 0000 0000 0000
052d 0000 0000 0000
0ab2 0006 0044 0000
08e3 0000 0000 0000
0538 0000 0000 0000
0a9c 0000 0000 0000
0e10 0000 0311 083a
19de 0000 0000 0034
0196 0000 0000 0000
0157 0000 0000 0000
003a 0000 0000 0124
00c5 0000 0000 011b
0110 0000 0000 013f
1ed9 1ad2 0000 0000
1f81 0000 07d0 0000
0549 0367 0000 0000
0afa 0000 0000 0000
092f 0000 02e0 0000
0b8e 0000 0055 0000
0abf 0000 010a 0000
024d 0a5f 0000 0000
0ceb 0000 0033 0000
1d04 0000 0000 0380
1e97 0000 0000 03a3
1dc9 0000 0000 0000
0128 0000 0000 00be
0238 0000 0000 0128
1c7f 00d1 0000 00dc
2564 1e0e 0000 0000
0000 0000 0a92 0000
0557 0354 0097 0000
0000 02ab 02ad 0000
0670 0000 02ac 0000
06b9 0000 04dd 0000
0000 0000 03ba 0000
0c4c 07ab 0000 0000
0a62 0000 0000 0000
04ca 0284 0000 0000
0a12 02b8 00f2 0000
1bed 0000 0000 0080
