0.0000000000000000 0.0000000000000000 0.0000000000000000 0.0000000000000000
0.0000000000000000 0.0000000000000000 0.0000000000000000 0.0000000000000000
0.0000000000000000 0.0000000000000000 0.0000000000000000 0.0000000000000000
0.0000000000000000 0.0000000000000000 0.0000000000000000 0.0000000000000000
0.1073608398437500 0.0624389648437500 0.0000000000000000 0.0000000000000000
0.2327270507812500 0.2781372070312500 0.0000000000000000 0.0000000000000000
0.3370971679687500 0.1135864257812500 0.0000000000000000 0.0000000000000000
0.1260986328125000 0.0000000000000000 0.0000000000000000 0.0000000000000000
0.0516357421875000 0.0000000000000000 0.0000000000000000 0.0000000000000000
0.0000000000000000 0.0000000000000000 0.0174560546875000 0.0000000000000000
0.0000000000000000 0.0000000000000000 0.0612182617187500 0.0000000000000000
0.0000000000000000 0.0000000000000000 0.0634765625000000 0.0000000000000000
0.0000000000000000 0.0000000000000000 0.0834960937500000 0.0000000000000000
0.0000000000000000 0.0000000000000000 0.0709838867187500 0.0000000000000000
0.0000000000000000 0.0000000000000000 0.0353393554687500 0.0000000000000000
0.0000000000000000 0.0000000000000000 0.0022583007812500 0.0000000000000000
0.0107421875000000 0.0000000000000000 0.0000000000000000 0.0000000000000000
0.0401000976562500 0.0000000000000000 0.0000000000000000 0.0000000000000000
0.1040039062500000 0.0000000000000000 0.0000000000000000 0.0000000000000000
0.2369384765625000 0.0000000000000000 0.0000000000000000 0.0000000000000000
0.2984619140625000 0.0000000000000000 0.0000000000000000 0.0000000000000000
0.2628784179687500 0.0000000000000000 0.0000000000000000 0.0000000000000000
0.1907348632812500 0.0000000000000000 0.0000000000000000 0.0000000000000000
0.2142944335937500 0.0000000000000000 0.0000000000000000 0.0000000000000000
0.1793823242187500 0.0000000000000000 0.0000000000000000 0.0079956054687500
0.0000000000000000 0.0000000000000000 0.0000000000000000 0.0000000000000000
0.0120239257812500 0.0000000000000000 0.0000000000000000 0.0000000000000000
0.0111083984375000 0.0000000000000000 0.0000000000000000 0.0000000000000000
0.0144653320312500 0.0000000000000000 0.0000000000000000 0.0000000000000000
0.0172119140625000 0.0000000000000000 0.0000000000000000 0.0000000000000000
0.0000000000000000 0.0000000000000000 0.0000000000000000 0.0000000000000000
0.0000000000000000 0.0000000000000000 0.0000000000000000 0.0000000000000000
0.0000000000000000 0.0000000000000000 0.0000000000000000 0.0000000000000000
0.0000000000000000 0.0000000000000000 0.0000000000000000 0.0000000000000000
0.0657348632812500 0.1954956054687500 0.0000000000000000 0.0000000000000000
0.1647949218750000 0.3123779296875000 0.0000000000000000 0.0000000000000000
0.0727539062500000 0.1062622070312500 0.0212402343750000 0.0000000000000000
0.0357666015625000 0.0000000000000000 0.0232543945312500 0.0000000000000000
0.0000000000000000 0.0000000000000000 0.0678100585937500 0.0000000000000000
0.0000000000000000 0.0000000000000000 0.1290283203125000 0.0000000000000000
0.0000000000000000 0.0000000000000000 0.1293334960937500 0.0000000000000000
0.0000000000000000 0.0000000000000000 0.1399536132812500 0.0000000000000000
0.0000000000000000 0.0000000000000000 0.1234741210937500 0.0000000000000000
0.0000000000000000 0.0000000000000000 0.1136474609375000 0.0000000000000000
0.0000000000000000 0.0000000000000000 0.1008911132812500 0.0000000000000000
0.0000000000000000 0.0000000000000000 0.0695800781250000 0.0000000000000000
0.0000000000000000 0.0156250000000000 0.0706787109375000 0.0000000000000000
0.0000000000000000 0.0000000000000000 0.0778198242187500 0.0000000000000000
0.0000000000000000 0.0000000000000000 0.0291748046875000 0.0000000000000000
0.0000000000000000 0.0000000000000000 0.0000000000000000 0.0000000000000000
0.0838623046875000 0.0000000000000000 0.0000000000000000 0.0000000000000000
0.1275634765625000 0.0000000000000000 0.0000000000000000 0.0000000000000000
0.1600341796875000 0.0000000000000000 0.0000000000000000 0.0000000000000000
0.0645751953125000 0.0000000000000000 0.0000000000000000 0.0000000000000000
0.0859375000000000 0.0000000000000000 0.0000000000000000 0.0346679687500000
0.0957031250000000 0.0000000000000000 0.0000000000000000 0.0107421875000000
0.0283813476562500 0.0000000000000000 0.0000000000000000 0.0000000000000000
0.0123901367187500 0.0000000000000000 0.0000000000000000 0.0000000000000000
0.0206909179687500 0.0000000000000000 0.0000000000000000 0.0000000000000000
0.0117187500000000 0.0000000000000000 0.0000000000000000 0.0000000000000000
0.0000000000000000 0.0000000000000000 0.0000000000000000 0.0000000000000000
0.0000000000000000 0.0000000000000000 0.0000000000000000 0.0000000000000000
0.0000000000000000 0.0000000000000000 0.0000000000000000 0.0000000000000000
0.0000000000000000 0.0000000000000000 0.0000000000000000 0.0000000000000000
0.0592041015625000 0.1329345703125000 0.0000000000000000 0.0000000000000000
0.2052612304687500 0.3359985351562500 0.0000000000000000 0.0000000000000000
0.0894775390625000 0.0516967773437500 0.0794677734375000 0.0000000000000000
0.0000000000000000 0.0000000000000000 0.1311035156250000 0.0000000000000000
0.0000000000000000 0.0000000000000000 0.1171875000000000 0.0000000000000000
0.0000000000000000 0.0000000000000000 0.1170654296875000 0.0000000000000000
0.0000000000000000 0.0000000000000000 0.0800170898437500 0.0000000000000000
0.0000000000000000 0.0000000000000000 0.0659179687500000 0.0000000000000000
0.0000000000000000 0.0000000000000000 0.0410766601562500 0.0000000000000000
0.0000000000000000 0.0000000000000000 0.0433349609375000 0.0000000000000000
0.0000000000000000 0.0000000000000000 0.0589599609375000 0.0000000000000000
0.0000000000000000 0.0000000000000000 0.0668945312500000 0.0000000000000000
0.0000000000000000 0.0000000000000000 0.0859985351562500 0.0000000000000000
0.0000000000000000 0.0000000000000000 0.0807495117187500 0.0000000000000000
0.0000000000000000 0.0000000000000000 0.0907592773437500 0.0000000000000000
0.0000000000000000 0.0233154296875000 0.0843505859375000 0.0000000000000000
0.0000000000000000 0.0343017578125000 0.0310058593750000 0.0000000000000000
0.0000000000000000 0.0000000000000000 0.0000000000000000 0.0000000000000000
0.0573730468750000 0.0000000000000000 0.0000000000000000 0.0000000000000000
0.1254272460937500 0.0000000000000000 0.0000000000000000 0.0000000000000000
0.0000000000000000 0.0000000000000000 0.0458984375000000 0.0000000000000000
0.0035400390625000 0.0000000000000000 0.0000000000000000 0.0491333007812500
0.0000000000000000 0.0000000000000000 0.0000000000000000 0.0000000000000000
0.0000000000000000 0.0000000000000000 0.0000000000000000 0.0000000000000000
0.0000000000000000 0.0000000000000000 0.0000000000000000 0.0000000000000000
0.0010375976562500 0.0000000000000000 0.0000000000000000 0.0000000000000000
0.0000000000000000 0.0000000000000000 0.0000000000000000 0.0000000000000000
0.0000000000000000 0.0000000000000000 0.0000000000000000 0.0007324218750000
0.0000000000000000 0.0000000000000000 0.0000000000000000 0.0000000000000000
0.0914916992187500 0.0000000000000000 0.0000000000000000 0.0000000000000000
0.2857666015625000 0.0885009765625000 0.0000000000000000 0.0000000000000000
0.3651733398437500 0.1051635742187500 0.0000000000000000 0.0000000000000000
0.1400146484375000 0.0000000000000000 0.0783081054687500 0.0000000000000000
0.0000000000000000 0.0000000000000000 0.1249389648437500 0.0000000000000000
0.0000000000000000 0.0000000000000000 0.0458984375000000 0.0000000000000000
0.0000000000000000 0.0000000000000000 0.0078735351562500 0.0000000000000000
0.0000000000000000 0.0000000000000000 0.0000000000000000 0.0000000000000000
0.0000000000000000 0.0000000000000000 0.0000000000000000 0.0000000000000000
0.0000000000000000 0.0000000000000000 0.0000000000000000 0.0000000000000000
0.0028076171875000 0.0000000000000000 0.0000000000000000 0.0000000000000000
0.0000000000000000 0.0000000000000000 0.0000000000000000 0.0000000000000000
0.0000000000000000 0.0000000000000000 0.0000000000000000 0.0000000000000000
0.0000000000000000 0.0000000000000000 0.0093994140625000 0.0000000000000000
0.0000000000000000 0.0000000000000000 0.0000000000000000 0.0000000000000000
0.0000000000000000 0.0000000000000000 0.0215454101562500 0.0000000000000000
0.0000000000000000 0.0000000000000000 0.0281372070312500 0.0000000000000000
0.0000000000000000 0.0435180664062500 0.0479125976562500 0.0000000000000000
0.0000000000000000 0.0548095703125000 0.0208129882812500 0.0000000000000000
0.0000000000000000 0.0000000000000000 0.0000000000000000 0.0000000000000000
0.1033325195312500 0.0000000000000000 0.0000000000000000 0.0000000000000000
0.0438842773437500 0.0000000000000000 0.1375122070312500 0.0000000000000000
0.0000000000000000 0.0000000000000000 0.0000000000000000 0.0745239257812500
0.0000000000000000 0.0000000000000000 0.0000000000000000 0.0000000000000000
0.0000000000000000 0.0000000000000000 0.0000000000000000 0.0000000000000000
0.0000000000000000 0.0000000000000000 0.0000000000000000 0.0000000000000000
0.0000000000000000 0.0000000000000000 0.0000000000000000 0.0000000000000000
0.0000000000000000 0.0000000000000000 0.0000000000000000 0.0000000000000000
0.0000000000000000 0.0000000000000000 0.0000000000000000 0.0000000000000000
0.0581054687500000 0.0000000000000000 0.0000000000000000 0.0000000000000000
0.2868652343750000 0.0334472656250000 0.0000000000000000 0.0000000000000000
0.4672241210937500 0.0765991210937500 0.0000000000000000 0.0000000000000000
0.3389282226562500 0.0000000000000000 0.0000000000000000 0.0000000000000000
0.0043334960937500 0.0000000000000000 0.0385742187500000 0.0000000000000000
0.0000000000000000 0.0000000000000000 0.0483398437500000 0.0000000000000000
0.0000000000000000 0.0000000000000000 0.0000000000000000 0.0000000000000000
0.0135498046875000 0.0000000000000000 0.0000000000000000 0.0000000000000000
0.0253295898437500 0.0000000000000000 0.0000000000000000 0.0000000000000000
0.0168457031250000 0.0000000000000000 0.0000000000000000 0.0000000000000000
0.0060424804687500 0.0000000000000000 0.0000000000000000 0.0000000000000000
0.0114135742187500 0.0000000000000000 0.0000000000000000 0.0000000000000000
0.0194091796875000 0.0000000000000000 0.0000000000000000 0.0000000000000000
0.0169067382812500 0.0000000000000000 0.0000000000000000 0.0000000000000000
0.0036621093750000 0.0000000000000000 0.0000000000000000 0.0000000000000000
0.0098876953125000 0.0000000000000000 0.0000000000000000 0.0000000000000000
0.0167236328125000 0.0000000000000000 0.0000000000000000 0.0000000000000000
0.0078125000000000 0.0000000000000000 0.0000000000000000 0.0000000000000000
0.0000000000000000 0.0000000000000000 0.0102539062500000 0.0000000000000000
0.0000000000000000 0.1099853515625000 0.0000000000000000 0.0000000000000000
0.0000000000000000 0.1010131835937500 0.0078125000000000 0.0000000000000000
0.0206909179687500 0.0000000000000000 0.0000000000000000 0.0000000000000000
0.0000000000000000 0.0000000000000000 0.1923828125000000 0.0000000000000000
0.0000000000000000 0.0000000000000000 0.0000000000000000 0.1022338867187500
0.0000000000000000 0.0000000000000000 0.0000000000000000 0.0000000000000000
0.0000000000000000 0.0000000000000000 0.0000000000000000 0.0000000000000000
0.0000000000000000 0.0000000000000000 0.0000000000000000 0.0000000000000000
0.0000000000000000 0.0000000000000000 0.0000000000000000 0.0000000000000000
0.0000000000000000 0.0000000000000000 0.0000000000000000 0.0048217773437500
0.0000000000000000 0.0000000000000000 0.0000000000000000 0.0000000000000000
0.1271972656250000 0.0518798828125000 0.0000000000000000 0.0000000000000000
0.2996215820312500 0.2094726562500000 0.0000000000000000 0.0000000000000000
0.3896484375000000 0.0601196289062500 0.0000000000000000 0.0000000000000000
0.0729370117187500 0.0000000000000000 0.0985717773437500 0.0000000000000000
0.0000000000000000 0.0000000000000000 0.0000000000000000 0.0000000000000000
0.0000000000000000 0.0000000000000000 0.0000000000000000 0.0000000000000000
0.0059204101562500 0.0000000000000000 0.0000000000000000 0.0000000000000000
0.0072631835937500 0.0000000000000000 0.0000000000000000 0.0000000000000000
0.0259399414062500 0.0000000000000000 0.0000000000000000 0.0000000000000000
0.0320434570312500 0.0000000000000000 0.0000000000000000 0.0000000000000000
0.0130004882812500 0.0000000000000000 0.0000000000000000 0.0000000000000000
0.0097656250000000 0.0000000000000000 0.0000000000000000 0.0000000000000000
0.0206298828125000 0.0000000000000000 0.0000000000000000 0.0000000000000000
0.0078735351562500 0.0000000000000000 0.0000000000000000 0.0000000000000000
0.0114135742187500 0.0000000000000000 0.0000000000000000 0.0000000000000000
0.0000000000000000 0.0000000000000000 0.0000000000000000 0.0000000000000000
0.0134277343750000 0.0000000000000000 0.0000000000000000 0.0000000000000000
0.0000000000000000 0.0000000000000000 0.0000000000000000 0.0000000000000000
0.0000000000000000 0.0000000000000000 0.0000000000000000 0.0000000000000000
0.0208740234375000 0.0842285156250000 0.0000000000000000 0.0000000000000000
0.0693969726562500 0.1392822265625000 0.0000000000000000 0.0000000000000000
0.0376586914062500 0.0000000000000000 0.0093994140625000 0.0000000000000000
0.0000000000000000 0.0000000000000000 0.2539062500000000 0.0000000000000000
0.0000000000000000 0.0000000000000000 0.0000000000000000 0.1252441406250000
0.0000000000000000 0.0000000000000000 0.0000000000000000 0.0000000000000000
0.0000000000000000 0.0000000000000000 0.0000000000000000 0.0000000000000000
0.0000000000000000 0.0000000000000000 0.0000000000000000 0.0000000000000000
0.0048828125000000 0.0000000000000000 0.0000000000000000 0.0000000000000000
0.0000000000000000 0.0000000000000000 0.0000000000000000 0.0010375976562500
0.0110473632812500 0.0000000000000000 0.0000000000000000 0.0000000000000000
0.1467285156250000 0.2624511718750000 0.0000000000000000 0.0000000000000000
0.2794799804687500 0.2492065429687500 0.0000000000000000 0.0000000000000000
0.1795654296875000 0.0000000000000000 0.0000000000000000 0.0000000000000000
0.0000000000000000 0.0000000000000000 0.1014404296875000 0.0000000000000000
0.0000000000000000 0.0000000000000000 0.0000000000000000 0.0000000000000000
0.0029907226562500 0.0000000000000000 0.0000000000000000 0.0000000000000000
0.0190429687500000 0.0000000000000000 0.0000000000000000 0.0000000000000000
0.0177612304687500 0.0000000000000000 0.0000000000000000 0.0000000000000000
0.0083618164062500 0.0000000000000000 0.0000000000000000 0.0000000000000000
0.0000000000000000 0.0000000000000000 0.0000000000000000 0.0000000000000000
0.0000000000000000 0.0000000000000000 0.0000000000000000 0.0000000000000000
0.0000000000000000 0.0000000000000000 0.0000000000000000 0.0000000000000000
0.0000000000000000 0.0000000000000000 0.0000000000000000 0.0000000000000000
0.0053710937500000 0.0000000000000000 0.0000000000000000 0.0000000000000000
0.0108032226562500 0.0000000000000000 0.0000000000000000 0.0000000000000000
0.0000000000000000 0.0000000000000000 0.0000000000000000 0.0000000000000000
0.0040283203125000 0.0000000000000000 0.0000000000000000 0.0000000000000000
0.0042724609375000 0.0000000000000000 0.0000000000000000 0.0000000000000000
0.0225830078125000 0.0000000000000000 0.0000000000000000 0.0000000000000000
0.0437011718750000 0.0407104492187500 0.0000000000000000 0.0000000000000000
0.1069335937500000 0.1416625976562500 0.0000000000000000 0.0000000000000000
0.0772094726562500 0.0065307617187500 0.0033569335937500 0.0000000000000000
0.0000000000000000 0.0000000000000000 0.2576293945312500 0.0033569335937500
0.0000000000000000 0.0000000000000000 0.0000000000000000 0.1298217773437500
0.0000000000000000 0.0000000000000000 0.0000000000000000 0.0000000000000000
0.0086669921875000 0.0000000000000000 0.0000000000000000 0.0000000000000000
0.0000000000000000 0.0000000000000000 0.0000000000000000 0.0000000000000000
0.0051269531250000 0.0000000000000000 0.0000000000000000 0.0000000000000000
0.0000000000000000 0.0000000000000000 0.0000000000000000 0.0033569335937500
0.0000000000000000 0.0000000000000000 0.0000000000000000 0.0000000000000000
0.0781250000000000 0.3670654296875000 0.0000000000000000 0.0000000000000000
0.2105102539062500 0.2998657226562500 0.0000000000000000 0.0000000000000000
0.0898437500000000 0.0000000000000000 0.0156250000000000 0.0000000000000000
0.0000000000000000 0.0000000000000000 0.0798339843750000 0.0000000000000000
0.0000000000000000 0.0000000000000000 0.0000000000000000 0.0000000000000000
0.0219116210937500 0.0000000000000000 0.0000000000000000 0.0000000000000000
0.0064697265625000 0.0000000000000000 0.0000000000000000 0.0000000000000000
0.0000000000000000 0.0000000000000000 0.0000000000000000 0.0000000000000000
0.0000000000000000 0.0000000000000000 0.0000000000000000 0.0000000000000000
0.0000000000000000 0.0000000000000000 0.0000000000000000 0.0000000000000000
0.0000000000000000 0.0000000000000000 0.0000000000000000 0.0000000000000000
0.0250854492187500 0.0000000000000000 0.0000000000000000 0.0000000000000000
0.0114135742187500 0.0000000000000000 0.0000000000000000 0.0000000000000000
0.0095214843750000 0.0000000000000000 0.0000000000000000 0.0000000000000000
0.0016479492187500 0.0000000000000000 0.0000000000000000 0.0000000000000000
0.0202636718750000 0.0000000000000000 0.0000000000000000 0.0000000000000000
0.0266113281250000 0.0000000000000000 0.0000000000000000 0.0000000000000000
0.0349121093750000 0.0000000000000000 0.0000000000000000 0.0000000000000000
0.0117797851562500 0.0000000000000000 0.0000000000000000 0.0000000000000000
0.0090332031250000 0.0315551757812500 0.0000000000000000 0.0000000000000000
0.0712890625000000 0.1757202148437500 0.0000000000000000 0.0000000000000000
0.0255737304687500 0.0245971679687500 0.0512084960937500 0.0000000000000000
0.0000000000000000 0.0000000000000000 0.2666015625000000 0.0068969726562500
0.0000000000000000 0.0000000000000000 0.0000000000000000 0.1225585937500000
0.0000000000000000 0.0000000000000000 0.0000000000000000 0.0000000000000000
0.0035400390625000 0.0000000000000000 0.0000000000000000 0.0000000000000000
0.0000000000000000 0.0000000000000000 0.0000000000000000 0.0000000000000000
0.0000000000000000 0.0000000000000000 0.0000000000000000 0.0000000000000000
0.0000000000000000 0.0000000000000000 0.0000000000000000 0.0111694335937500
0.0000000000000000 0.0000000000000000 0.0000000000000000 0.0000000000000000
0.0757446289062500 0.3695678710937500 0.0000000000000000 0.0000000000000000
0.1770629882812500 0.3150634765625000 0.0000000000000000 0.0000000000000000
0.0562744140625000 0.0000000000000000 0.0314941406250000 0.0000000000000000
0.0000000000000000 0.0000000000000000 0.0982055664062500 0.0000000000000000
0.0000000000000000 0.0000000000000000 0.0000000000000000 0.0000000000000000
0.0261840820312500 0.0000000000000000 0.0000000000000000 0.0000000000000000
0.0573120117187500 0.0000000000000000 0.0000000000000000 0.0000000000000000
0.0685424804687500 0.0000000000000000 0.0000000000000000 0.0000000000000000
0.0761718750000000 0.0000000000000000 0.0000000000000000 0.0000000000000000
0.0586547851562500 0.0000000000000000 0.0000000000000000 0.0000000000000000
0.0487060546875000 0.0000000000000000 0.0000000000000000 0.0000000000000000
0.0250854492187500 0.0000000000000000 0.0000000000000000 0.0000000000000000
0.0408935546875000 0.0000000000000000 0.0000000000000000 0.0000000000000000
0.0529785156250000 0.0000000000000000 0.0000000000000000 0.0000000000000000
0.1146850585937500 0.0000000000000000 0.0000000000000000 0.0000000000000000
0.2208862304687500 0.0000000000000000 0.0000000000000000 0.0000000000000000
0.3428344726562500 0.0000000000000000 0.0000000000000000 0.0000000000000000
0.3347167968750000 0.0000000000000000 0.0000000000000000 0.0000000000000000
0.2885742187500000 0.0000000000000000 0.0000000000000000 0.0000000000000000
0.1962280273437500 0.0000000000000000 0.0000000000000000 0.0000000000000000
0.1308593750000000 0.1044921875000000 0.0000000000000000 0.0000000000000000
0.0000000000000000 0.0000000000000000 0.2561645507812500 0.0000000000000000
0.0000000000000000 0.0000000000000000 0.2739868164062500 0.0090942382812500
0.0000000000000000 0.0000000000000000 0.0000000000000000 0.0847167968750000
0.0000000000000000 0.0000000000000000 0.0000000000000000 0.0000000000000000
0.0000000000000000 0.0000000000000000 0.0000000000000000 0.0000000000000000
0.0000000000000000 0.0000000000000000 0.0000000000000000 0.0000000000000000
0.0025634765625000 0.0000000000000000 0.0000000000000000 0.0000000000000000
0.0000000000000000 0.0000000000000000 0.0000000000000000 0.0103759765625000
0.0000000000000000 0.0000000000000000 0.0000000000000000 0.0128173828125000
0.0049438476562500 0.2830810546875000 0.0000000000000000 0.0000000000000000
0.0109863281250000 0.4030151367187500 0.0599975585937500 0.0000000000000000
0.0000000000000000 0.1726684570312500 0.1192016601562500 0.0000000000000000
0.0000000000000000 0.0000000000000000 0.1476440429687500 0.0000000000000000
0.0097045898437500 0.0000000000000000 0.0000000000000000 0.0000000000000000
0.1703491210937500 0.0000000000000000 0.0000000000000000 0.0000000000000000
0.2780761718750000 0.0000000000000000 0.0000000000000000 0.0000000000000000
0.2630615234375000 0.0000000000000000 0.0000000000000000 0.0000000000000000
0.2373046875000000 0.0000000000000000 0.0000000000000000 0.0000000000000000
0.1856079101562500 0.0000000000000000 0.0000000000000000 0.0000000000000000
0.1441040039062500 0.0000000000000000 0.0000000000000000 0.0000000000000000
0.0813598632812500 0.0000000000000000 0.0000000000000000 0.0000000000000000
0.0560302734375000 0.0000000000000000 0.0000000000000000 0.0000000000000000
0.1059570312500000 0.0000000000000000 0.0000000000000000 0.0000000000000000
0.1719360351562500 0.0000000000000000 0.0000000000000000 0.0000000000000000
0.2075195312500000 0.0000000000000000 0.0000000000000000 0.0000000000000000
0.1383056640625000 0.0000000000000000 0.0000000000000000 0.0000000000000000
0.1109619140625000 0.0000000000000000 0.0000000000000000 0.0000000000000000
0.0836791992187500 0.0000000000000000 0.0000000000000000 0.0000000000000000
0.0510253906250000 0.0000000000000000 0.0000000000000000 0.0000000000000000
0.0694580078125000 0.1367797851562500 0.0000000000000000 0.0000000000000000
0.0000000000000000 0.0000000000000000 0.3583374023437500 0.0000000000000000
0.0000000000000000 0.0000000000000000 0.1346435546875000 0.0997924804687500
0.0000000000000000 0.0000000000000000 0.0082397460937500 0.0131225585937500
0.0015258789062500 0.0000000000000000 0.0000000000000000 0.0000000000000000
0.0108032226562500 0.0000000000000000 0.0000000000000000 0.0000000000000000
0.0000000000000000 0.0000000000000000 0.0000000000000000 0.0000000000000000
0.0048217773437500 0.0000000000000000 0.0000000000000000 0.0000000000000000
0.0000000000000000 0.0000000000000000 0.0000000000000000 0.0142211914062500
0.0000000000000000 0.0000000000000000 0.0000000000000000 0.0112304687500000
0.0000000000000000 0.0162963867187500 0.0017089843750000 0.0000000000000000
0.0069580078125000 0.3900146484375000 0.0000000000000000 0.0000000000000000
0.0000000000000000 0.2508544921875000 0.0852050781250000 0.0000000000000000
0.0000000000000000 0.0000000000000000 0.1457519531250000 0.0000000000000000
0.0059814453125000 0.0000000000000000 0.0000000000000000 0.0000000000000000
0.1412353515625000 0.0000000000000000 0.0000000000000000 0.0000000000000000
0.0740356445312500 0.0000000000000000 0.0000000000000000 0.0000000000000000
0.0736694335937500 0.0000000000000000 0.0000000000000000 0.0000000000000000
0.0781860351562500 0.0000000000000000 0.0000000000000000 0.0000000000000000
0.0886840820312500 0.0000000000000000 0.0000000000000000 0.0000000000000000
0.0597534179687500 0.0000000000000000 0.0000000000000000 0.0000000000000000
0.0671386718750000 0.0000000000000000 0.0000000000000000 0.0000000000000000
0.0596313476562500 0.0000000000000000 0.0000000000000000 0.0000000000000000
0.0820922851562500 0.0000000000000000 0.0000000000000000 0.0000000000000000
0.1118164062500000 0.0429687500000000 0.0000000000000000 0.0000000000000000
0.1351318359375000 0.0000000000000000 0.0000000000000000 0.0000000000000000
0.0415039062500000 0.0000000000000000 0.0266113281250000 0.0000000000000000
0.0000000000000000 0.0000000000000000 0.0000000000000000 0.0000000000000000
0.0000000000000000 0.0000000000000000 0.0562133789062500 0.0000000000000000
0.0000000000000000 0.0000000000000000 0.0465698242187500 0.0000000000000000
0.0000000000000000 0.0831298828125000 0.0000000000000000 0.0000000000000000
0.0000000000000000 0.0000000000000000 0.3215942382812500 0.0000000000000000
0.0000000000000000 0.0000000000000000 0.0000000000000000 0.1182861328125000
0.0000000000000000 0.0000000000000000 0.0000000000000000 0.0000000000000000
0.0114135742187500 0.0000000000000000 0.0000000000000000 0.0000000000000000
0.0000000000000000 0.0000000000000000 0.0000000000000000 0.0000000000000000
0.0207519531250000 0.0000000000000000 0.0000000000000000 0.0000000000000000
0.0046386718750000 0.0000000000000000 0.0000000000000000 0.0000000000000000
0.0000000000000000 0.0000000000000000 0.0000000000000000 0.0150756835937500
0.0000000000000000 0.0000000000000000 0.0000000000000000 0.0116577148437500
0.0000000000000000 0.0000000000000000 0.0000000000000000 0.0120849609375000
0.0850830078125000 0.3563232421875000 0.0000000000000000 0.0000000000000000
0.1984252929687500 0.3363647460937500 0.0000000000000000 0.0000000000000000
0.0013427734375000 0.0000000000000000 0.1968994140625000 0.0000000000000000
0.0000000000000000 0.0000000000000000 0.0000000000000000 0.0000000000000000
0.0053710937500000 0.0817871093750000 0.0363159179687500 0.0000000000000000
0.0000000000000000 0.0000000000000000 0.0000000000000000 0.0000000000000000
0.0747070312500000 0.0000000000000000 0.0000000000000000 0.0000000000000000
0.1438598632812500 0.0000000000000000 0.0000000000000000 0.0000000000000000
0.1155395507812500 0.0000000000000000 0.0000000000000000 0.0000000000000000
0.0662841796875000 0.0000000000000000 0.0000000000000000 0.0000000000000000
0.0333251953125000 0.0000000000000000 0.0000000000000000 0.0000000000000000
0.0129394531250000 0.0000000000000000 0.0000000000000000 0.0000000000000000
0.0469970703125000 0.0270385742187500 0.0000000000000000 0.0000000000000000
0.1226806640625000 0.0419921875000000 0.0000000000000000 0.0000000000000000
0.0955200195312500 0.0000000000000000 0.0000000000000000 0.0000000000000000
0.1054077148437500 0.0000000000000000 0.0000000000000000 0.0000000000000000
0.1004028320312500 0.0000000000000000 0.0000000000000000 0.0000000000000000
0.0170898437500000 0.0000000000000000 0.0000000000000000 0.0000000000000000
0.0000000000000000 0.0000000000000000 0.0330200195312500 0.0000000000000000
0.0048217773437500 0.0000000000000000 0.0000000000000000 0.0000000000000000
0.0000000000000000 0.0000000000000000 0.2167968750000000 0.0000000000000000
0.0000000000000000 0.0000000000000000 0.0000000000000000 0.0888061523437500
0.0343627929687500 0.0000000000000000 0.0000000000000000 0.0000000000000000
0.0008544921875000 0.0000000000000000 0.0000000000000000 0.0000000000000000
0.0000000000000000 0.0000000000000000 0.0000000000000000 0.0000000000000000
0.0009155273437500 0.0000000000000000 0.0000000000000000 0.0000000000000000
0.0026245117187500 0.0000000000000000 0.0000000000000000 0.0000000000000000
0.0000000000000000 0.0000000000000000 0.0000000000000000 0.0098266601562500
0.0000000000000000 0.0000000000000000 0.0000000000000000 0.0144653320312500
0.0000000000000000 0.0000000000000000 0.0000000000000000 0.0186157226562500
0.0520629882812500 0.3119506835937500 0.0000000000000000 0.0000000000000000
0.1187133789062500 0.3704223632812500 0.0042724609375000 0.0000000000000000
0.0000000000000000 0.0000000000000000 0.2728271484375000 0.0000000000000000
0.0000000000000000 0.0000000000000000 0.0000000000000000 0.0000000000000000
0.0375976562500000 0.0000000000000000 0.0000000000000000 0.0000000000000000
0.0887451171875000 0.0379638671875000 0.0000000000000000 0.0000000000000000
0.0898437500000000 0.0554199218750000 0.0000000000000000 0.0000000000000000
0.0997314453125000 0.0000000000000000 0.0000000000000000 0.0000000000000000
0.0512695312500000 0.0000000000000000 0.0000000000000000 0.0000000000000000
0.0000000000000000 0.0000000000000000 0.0328979492187500 0.0000000000000000
0.0347290039062500 0.0000000000000000 0.0000000000000000 0.0000000000000000
0.0000000000000000 0.0000000000000000 0.0000000000000000 0.0000000000000000
0.0535888671875000 0.0381469726562500 0.0000000000000000 0.0000000000000000
0.0482177734375000 0.0726318359375000 0.0000000000000000 0.0000000000000000
0.0347290039062500 0.0200195312500000 0.0150756835937500 0.0000000000000000
0.0000000000000000 0.0000000000000000 0.0365600585937500 0.0000000000000000
0.0000000000000000 0.0000000000000000 0.0831298828125000 0.0000000000000000
0.0000000000000000 0.0000000000000000 0.0000000000000000 0.0000000000000000
0.0000000000000000 0.0000000000000000 0.0506591796875000 0.0000000000000000
0.0000000000000000 0.0000000000000000 0.0000000000000000 0.0000000000000000
0.0000000000000000 0.0000000000000000 0.1259155273437500 0.0000000000000000
0.0000000000000000 0.0000000000000000 0.0000000000000000 0.0497436523437500
0.0020141601562500 0.0000000000000000 0.0000000000000000 0.0000000000000000
0.0000000000000000 0.0000000000000000 0.0000000000000000 0.0000000000000000
0.0033569335937500 0.0000000000000000 0.0000000000000000 0.0000000000000000
0.0000000000000000 0.0000000000000000 0.0000000000000000 0.0000000000000000
0.0061645507812500 0.0000000000000000 0.0000000000000000 0.0000000000000000
0.0000000000000000 0.0000000000000000 0.0000000000000000 0.0183715820312500
0.0000000000000000 0.0000000000000000 0.0000000000000000 0.0133056640625000
0.0000000000000000 0.0000000000000000 0.0000000000000000 0.0180053710937500
0.0000000000000000 0.1377563476562500 0.0000000000000000 0.0000000000000000
0.0000000000000000 0.3884277343750000 0.0436401367187500 0.0000000000000000
0.0000000000000000 0.0000000000000000 0.3141479492187500 0.0000000000000000
0.0000000000000000 0.0000000000000000 0.0000000000000000 0.0000000000000000
0.0473632812500000 0.0000000000000000 0.0350341796875000 0.0000000000000000
0.0000000000000000 0.1160278320312500 0.0000000000000000 0.0000000000000000
0.0000000000000000 0.1140136718750000 0.0774536132812500 0.0000000000000000
0.0000000000000000 0.0000000000000000 0.1306152343750000 0.0000000000000000
0.0000000000000000 0.0000000000000000 0.0075073242187500 0.0000000000000000
0.0000000000000000 0.0000000000000000 0.1295776367187500 0.0000000000000000
0.0000000000000000 0.0000000000000000 0.0000000000000000 0.0000000000000000
0.0000000000000000 0.0000000000000000 0.0000000000000000 0.0000000000000000
0.0000000000000000 0.0443725585937500 0.0000000000000000 0.0000000000000000
0.0000000000000000 0.0410156250000000 0.0366821289062500 0.0000000000000000
0.0000000000000000 0.0114135742187500 0.0782470703125000 0.0000000000000000
0.0000000000000000 0.0000000000000000 0.0938720703125000 0.0000000000000000
0.0000000000000000 0.0000000000000000 0.0990600585937500 0.0000000000000000
0.0000000000000000 0.0000000000000000 0.0000000000000000 0.0000000000000000
0.0000000000000000 0.0000000000000000 0.0535888671875000 0.0000000000000000
0.0000000000000000 0.0000000000000000 0.0000000000000000 0.0000000000000000
0.0000000000000000 0.0000000000000000 0.1137084960937500 0.0000000000000000
0.0000000000000000 0.0000000000000000 0.0000000000000000 0.0574340820312500
0.0000000000000000 0.0000000000000000 0.0000000000000000 0.0000000000000000
0.0076904296875000 0.0000000000000000 0.0000000000000000 0.0000000000000000
0.0022583007812500 0.0000000000000000 0.0000000000000000 0.0000000000000000
0.0141601562500000 0.0000000000000000 0.0000000000000000 0.0000000000000000
0.0003662109375000 0.0000000000000000 0.0000000000000000 0.0000000000000000
0.0000000000000000 0.0000000000000000 0.0000000000000000 0.0155639648437500
0.0016479492187500 0.0000000000000000 0.0000000000000000 0.0192260742187500
0.0000000000000000 0.0000000000000000 0.0000000000000000 0.0229492187500000
0.0000000000000000 0.0000000000000000 0.0000000000000000 0.0000000000000000
0.0000000000000000 0.2390747070312500 0.0428466796875000 0.0000000000000000
0.0000000000000000 0.0000000000000000 0.2299804687500000 0.0000000000000000
0.0000000000000000 0.0793457031250000 0.0239257812500000 0.0000000000000000
0.0198974609375000 0.0000000000000000 0.0445556640625000 0.0000000000000000
0.0000000000000000 0.0319824218750000 0.0000000000000000 0.0000000000000000
0.0000000000000000 0.0523681640625000 0.0634765625000000 0.0000000000000000
0.0000000000000000 0.0000000000000000 0.1015625000000000 0.0000000000000000
0.0000000000000000 0.0000000000000000 0.0617065429687500 0.0000000000000000
0.0000000000000000 0.0000000000000000 0.1362915039062500 0.0000000000000000
0.0000000000000000 0.0000000000000000 0.0005493164062500 0.0000000000000000
0.0000000000000000 0.0000000000000000 0.0009155273437500 0.0000000000000000
0.0000000000000000 0.0000000000000000 0.0000000000000000 0.0000000000000000
0.0000000000000000 0.0075683593750000 0.0370483398437500 0.0000000000000000
0.0000000000000000 0.0000000000000000 0.0853271484375000 0.0000000000000000
0.0000000000000000 0.0000000000000000 0.0415649414062500 0.0000000000000000
0.0000000000000000 0.0000000000000000 0.0496215820312500 0.0000000000000000
0.0000000000000000 0.0000000000000000 0.0179443359375000 0.0000000000000000
0.0000000000000000 0.0000000000000000 0.0000000000000000 0.0000000000000000
0.0000000000000000 0.0000000000000000 0.0000000000000000 0.0000000000000000
0.0000000000000000 0.0000000000000000 0.1170654296875000 0.0042724609375000
0.0000000000000000 0.0000000000000000 0.0000000000000000 0.0765380859375000
0.0000000000000000 0.0000000000000000 0.0000000000000000 0.0000000000000000
0.0194091796875000 0.0000000000000000 0.0000000000000000 0.0000000000000000
0.0086669921875000 0.0000000000000000 0.0000000000000000 0.0000000000000000
0.0057983398437500 0.0000000000000000 0.0000000000000000 0.0000000000000000
0.0117187500000000 0.0000000000000000 0.0000000000000000 0.0000000000000000
0.0000000000000000 0.0000000000000000 0.0000000000000000 0.0126342773437500
0.0000000000000000 0.0000000000000000 0.0000000000000000 0.0213012695312500
0.0000000000000000 0.0000000000000000 0.0000000000000000 0.0227661132812500
0.0000000000000000 0.0000000000000000 0.0000000000000000 0.0222167968750000
0.0000000000000000 0.0000000000000000 0.0000000000000000 0.0000000000000000
0.0102539062500000 0.0631713867187500 0.0000000000000000 0.0000000000000000
0.0000000000000000 0.0408325195312500 0.0142822265625000 0.0000000000000000
0.0430908203125000 0.0000000000000000 0.0000000000000000 0.0000000000000000
0.0000000000000000 0.0000000000000000 0.0000000000000000 0.0000000000000000
0.0329589843750000 0.0000000000000000 0.0040283203125000 0.0000000000000000
0.0000000000000000 0.0000000000000000 0.0363769531250000 0.0000000000000000
0.0000000000000000 0.0000000000000000 0.0919189453125000 0.0000000000000000
0.0000000000000000 0.0000000000000000 0.0703735351562500 0.0000000000000000
0.0000000000000000 0.0000000000000000 0.0000000000000000 0.0000000000000000
0.0033569335937500 0.0000000000000000 0.0000000000000000 0.0000000000000000
0.0000000000000000 0.0000000000000000 0.0000000000000000 0.0000000000000000
0.0000000000000000 0.0000000000000000 0.0000000000000000 0.0000000000000000
0.0000000000000000 0.0000000000000000 0.0180053710937500 0.0000000000000000
0.0000000000000000 0.0000000000000000 0.0103149414062500 0.0000000000000000
0.0000000000000000 0.0000000000000000 0.0106811523437500 0.0000000000000000
0.0000000000000000 0.0000000000000000 0.0000000000000000 0.0000000000000000
0.0183715820312500 0.0000000000000000 0.0000000000000000 0.0000000000000000
0.0403442382812500 0.0000000000000000 0.0000000000000000 0.0000000000000000
0.0000000000000000 0.0000000000000000 0.1218261718750000 0.0112304687500000
0.0000000000000000 0.0000000000000000 0.0000000000000000 0.0765380859375000
0.0090332031250000 0.0000000000000000 0.0000000000000000 0.0000000000000000
0.0000000000000000 0.0000000000000000 0.0000000000000000 0.0000000000000000
0.0114746093750000 0.0000000000000000 0.0000000000000000 0.0000000000000000
0.0137329101562500 0.0000000000000000 0.0000000000000000 0.0000000000000000
0.0128784179687500 0.0000000000000000 0.0000000000000000 0.0000000000000000
0.0000000000000000 0.0000000000000000 0.0000000000000000 0.0112304687500000
0.0000000000000000 0.0000000000000000 0.0000000000000000 0.0177612304687500
0.0000000000000000 0.0000000000000000 0.0000000000000000 0.0263061523437500
0.0000000000000000 0.0000000000000000 0.0000000000000000 0.0240478515625000
0.0000000000000000 0.0000000000000000 0.0000000000000000 0.0049438476562500
0.0456542968750000 0.1127929687500000 0.0000000000000000 0.0000000000000000
0.0834960937500000 0.0613403320312500 0.0000000000000000 0.0000000000000000
0.0443725585937500 0.0000000000000000 0.0000000000000000 0.0000000000000000
0.0317382812500000 0.0000000000000000 0.0000000000000000 0.0000000000000000
0.0209960937500000 0.0000000000000000 0.0000000000000000 0.0000000000000000
0.0000000000000000 0.0000000000000000 0.0000000000000000 0.0000000000000000
0.0000000000000000 0.0000000000000000 0.0291137695312500 0.0000000000000000
0.0000000000000000 0.0000000000000000 0.0000000000000000 0.0000000000000000
0.0098876953125000 0.0000000000000000 0.0000000000000000 0.0000000000000000
0.0356445312500000 0.0000000000000000 0.0000000000000000 0.0000000000000000
0.0103759765625000 0.0000000000000000 0.0000000000000000 0.0000000000000000
0.0018920898437500 0.0000000000000000 0.0000000000000000 0.0000000000000000
0.0167236328125000 0.0000000000000000 0.0000000000000000 0.0000000000000000
0.0131225585937500 0.0000000000000000 0.0000000000000000 0.0000000000000000
0.0274658203125000 0.0000000000000000 0.0000000000000000 0.0000000000000000
0.0127563476562500 0.0000000000000000 0.0000000000000000 0.0000000000000000
0.0219116210937500 0.0000000000000000 0.0000000000000000 0.0000000000000000
0.0512084960937500 0.0000000000000000 0.0000000000000000 0.0000000000000000
0.0000000000000000 0.0000000000000000 0.1129150390625000 0.0111083984375000
0.0000000000000000 0.0000000000000000 0.0000000000000000 0.0771484375000000
0.0112915039062500 0.0000000000000000 0.0000000000000000 0.0000000000000000
0.0160522460937500 0.0000000000000000 0.0000000000000000 0.0000000000000000
0.0054321289062500 0.0000000000000000 0.0000000000000000 0.0000000000000000
0.0102539062500000 0.0000000000000000 0.0000000000000000 0.0000000000000000
0.0154418945312500 0.0000000000000000 0.0000000000000000 0.0000000000000000
0.0020751953125000 0.0000000000000000 0.0000000000000000 0.0150146484375000
0.0000000000000000 0.0000000000000000 0.0000000000000000 0.0190429687500000
0.0000000000000000 0.0000000000000000 0.0000000000000000 0.0255737304687500
0.0000000000000000 0.0000000000000000 0.0000000000000000 0.0182495117187500
0.0000000000000000 0.0000000000000000 0.0000000000000000 0.0169677734375000
0.0544433593750000 0.1233520507812500 0.0000000000000000 0.0000000000000000
0.1270751953125000 0.0285644531250000 0.0000000000000000 0.0000000000000000
0.0507202148437500 0.0000000000000000 0.0000000000000000 0.0000000000000000
0.0318603515625000 0.0000000000000000 0.0000000000000000 0.0000000000000000
0.0238647460937500 0.0000000000000000 0.0000000000000000 0.0000000000000000
0.0054931640625000 0.0000000000000000 0.0000000000000000 0.0000000000000000
0.0017700195312500 0.0000000000000000 0.0123901367187500 0.0000000000000000
0.0000000000000000 0.0000000000000000 0.0000000000000000 0.0000000000000000
0.0241699218750000 0.0000000000000000 0.0000000000000000 0.0000000000000000
0.0690917968750000 0.0000000000000000 0.0000000000000000 0.0000000000000000
0.1050415039062500 0.0000000000000000 0.0000000000000000 0.0000000000000000
0.1439208984375000 0.0000000000000000 0.0000000000000000 0.0000000000000000
0.1440429687500000 0.0000000000000000 0.0000000000000000 0.0000000000000000
0.0518798828125000 0.0000000000000000 0.0000000000000000 0.0000000000000000
0.0247802734375000 0.0000000000000000 0.0000000000000000 0.0000000000000000
0.0494995117187500 0.0000000000000000 0.0000000000000000 0.0000000000000000
0.0333862304687500 0.0000000000000000 0.0000000000000000 0.0000000000000000
0.0417480468750000 0.0000000000000000 0.0000000000000000 0.0000000000000000
0.0000000000000000 0.0000000000000000 0.1163330078125000 0.0061645507812500
0.0000000000000000 0.0000000000000000 0.0000000000000000 0.0875854492187500
0.0181884765625000 0.0000000000000000 0.0000000000000000 0.0000000000000000
0.0281982421875000 0.0000000000000000 0.0000000000000000 0.0000000000000000
0.0035400390625000 0.0000000000000000 0.0000000000000000 0.0000000000000000
0.0000000000000000 0.0000000000000000 0.0000000000000000 0.0000000000000000
0.0121459960937500 0.0000000000000000 0.0000000000000000 0.0000000000000000
0.0000000000000000 0.0000000000000000 0.0000000000000000 0.0138549804687500
0.0000000000000000 0.0000000000000000 0.0000000000000000 0.0175781250000000
0.0000000000000000 0.0000000000000000 0.0000000000000000 0.0245971679687500
0.0000000000000000 0.0000000000000000 0.0000000000000000 0.0239868164062500
0.0000000000000000 0.0000000000000000 0.0000000000000000 0.0250854492187500
0.0122070312500000 0.0921630859375000 0.0000000000000000 0.0000000000000000
0.0344238281250000 0.0925903320312500 0.0082397460937500 0.0000000000000000
0.0000000000000000 0.0364990234375000 0.0000000000000000 0.0000000000000000
0.0355224609375000 0.0000000000000000 0.0000000000000000 0.0000000000000000
0.0254516601562500 0.0000000000000000 0.0000000000000000 0.0000000000000000
0.0386962890625000 0.0000000000000000 0.0000000000000000 0.0000000000000000
0.0370483398437500 0.0000000000000000 0.0000000000000000 0.0000000000000000
0.0672607421875000 0.0000000000000000 0.0000000000000000 0.0000000000000000
0.1378173828125000 0.0000000000000000 0.0000000000000000 0.0000000000000000
0.1499023437500000 0.0000000000000000 0.0000000000000000 0.0000000000000000
0.1496582031250000 0.0000000000000000 0.0000000000000000 0.0000000000000000
0.1331176757812500 0.0000000000000000 0.0000000000000000 0.0000000000000000
0.0872802734375000 0.0000000000000000 0.0000000000000000 0.0000000000000000
0.0789794921875000 0.0000000000000000 0.0000000000000000 0.0000000000000000
0.0234985351562500 0.0000000000000000 0.0000000000000000 0.0000000000000000
0.0156250000000000 0.0000000000000000 0.0000000000000000 0.0000000000000000
0.0338745117187500 0.0000000000000000 0.0000000000000000 0.0000000000000000
0.0360107421875000 0.0000000000000000 0.0000000000000000 0.0000000000000000
0.0000000000000000 0.0000000000000000 0.1463012695312500 0.0000000000000000
0.0000000000000000 0.0000000000000000 0.0000000000000000 0.0915527343750000
0.0011596679687500 0.0000000000000000 0.0000000000000000 0.0000000000000000
0.0072631835937500 0.0000000000000000 0.0000000000000000 0.0000000000000000
0.0114135742187500 0.0000000000000000 0.0000000000000000 0.0000000000000000
0.0151367187500000 0.0000000000000000 0.0000000000000000 0.0000000000000000
0.0153808593750000 0.0000000000000000 0.0000000000000000 0.0000000000000000
0.0000000000000000 0.0000000000000000 0.0000000000000000 0.0148925781250000
0.0000000000000000 0.0000000000000000 0.0000000000000000 0.0215454101562500
0.0000000000000000 0.0000000000000000 0.0000000000000000 0.0235595703125000
0.0000000000000000 0.0000000000000000 0.0000000000000000 0.0231933593750000
0.0000000000000000 0.0000000000000000 0.0000000000000000 0.0222167968750000
0.0000000000000000 0.0000000000000000 0.0000000000000000 0.0000000000000000
0.0532836914062500 0.1102294921875000 0.0000000000000000 0.0000000000000000
0.0000000000000000 0.0101318359375000 0.0222778320312500 0.0000000000000000
0.0483398437500000 0.0000000000000000 0.0000000000000000 0.0000000000000000
0.0095825195312500 0.0000000000000000 0.0000000000000000 0.0000000000000000
0.0177612304687500 0.0000000000000000 0.0000000000000000 0.0000000000000000
0.0130615234375000 0.0000000000000000 0.0000000000000000 0.0000000000000000
0.0595092773437500 0.0000000000000000 0.0000000000000000 0.0000000000000000
0.1509399414062500 0.0000000000000000 0.0000000000000000 0.0000000000000000
0.1456909179687500 0.0000000000000000 0.0000000000000000 0.0000000000000000
0.1091308593750000 0.0000000000000000 0.0000000000000000 0.0000000000000000
0.0938110351562500 0.0000000000000000 0.0000000000000000 0.0000000000000000
0.0000000000000000 0.0000000000000000 0.0000000000000000 0.0000000000000000
0.0539550781250000 0.0000000000000000 0.0000000000000000 0.0000000000000000
0.0565795898437500 0.0000000000000000 0.0000000000000000 0.0000000000000000
0.0372314453125000 0.0000000000000000 0.0000000000000000 0.0000000000000000
0.0569458007812500 0.0000000000000000 0.0000000000000000 0.0000000000000000
0.0000000000000000 0.0000000000000000 0.0747680664062500 0.0000000000000000
0.0000000000000000 0.0000000000000000 0.1878051757812500 0.0000000000000000
0.0000000000000000 0.0000000000000000 0.0000000000000000 0.0669555664062500
0.0190429687500000 0.0000000000000000 0.0000000000000000 0.0000000000000000
0.0130004882812500 0.0000000000000000 0.0000000000000000 0.0000000000000000
0.0071411132812500 0.0000000000000000 0.0000000000000000 0.0000000000000000
0.0292968750000000 0.0000000000000000 0.0000000000000000 0.0000000000000000
0.0205688476562500 0.0000000000000000 0.0000000000000000 0.0000000000000000
0.0000000000000000 0.0000000000000000 0.0000000000000000 0.0156860351562500
0.0000000000000000 0.0000000000000000 0.0000000000000000 0.0172119140625000
0.0036010742187500 0.0000000000000000 0.0000000000000000 0.0178833007812500
0.0032958984375000 0.0000000000000000 0.0000000000000000 0.0259399414062500
0.0000000000000000 0.0000000000000000 0.0000000000000000 0.0251464843750000
0.0000000000000000 0.0000000000000000 0.0000000000000000 0.0000000000000000
0.0742797851562500 0.1863403320312500 0.0000000000000000 0.0000000000000000
0.1140747070312500 0.0278930664062500 0.0146484375000000 0.0000000000000000
0.0629272460937500 0.0000000000000000 0.0000000000000000 0.0000000000000000
0.0237426757812500 0.0000000000000000 0.0000000000000000 0.0000000000000000
0.0118408203125000 0.0000000000000000 0.0000000000000000 0.0000000000000000
0.0355224609375000 0.0000000000000000 0.0000000000000000 0.0000000000000000
0.0481567382812500 0.0000000000000000 0.0000000000000000 0.0000000000000000
0.0405883789062500 0.0000000000000000 0.0000000000000000 0.0000000000000000
0.0316162109375000 0.0000000000000000 0.0000000000000000 0.0000000000000000
0.0708007812500000 0.0000000000000000 0.0000000000000000 0.0000000000000000
0.0281982421875000 0.0000000000000000 0.0000000000000000 0.0000000000000000
0.0413818359375000 0.0000000000000000 0.0000000000000000 0.0000000000000000
0.0620727539062500 0.0000000000000000 0.0000000000000000 0.0000000000000000
0.1045532226562500 0.0000000000000000 0.0000000000000000 0.0000000000000000
0.0930786132812500 0.0000000000000000 0.0000000000000000 0.0000000000000000
0.0868530273437500 0.0000000000000000 0.0000000000000000 0.0000000000000000
0.0000000000000000 0.0000000000000000 0.1730346679687500 0.0000000000000000
0.0000000000000000 0.0000000000000000 0.0725097656250000 0.0779418945312500
0.0000000000000000 0.0000000000000000 0.0000000000000000 0.0064086914062500
0.0126953125000000 0.0000000000000000 0.0000000000000000 0.0000000000000000
0.0197753906250000 0.0000000000000000 0.0000000000000000 0.0000000000000000
0.0184326171875000 0.0000000000000000 0.0000000000000000 0.0000000000000000
0.0284423828125000 0.0000000000000000 0.0000000000000000 0.0000000000000000
0.0155029296875000 0.0000000000000000 0.0000000000000000 0.0000000000000000
0.0000000000000000 0.0000000000000000 0.0000000000000000 0.0155029296875000
0.0000000000000000 0.0000000000000000 0.0000000000000000 0.0129394531250000
0.0000000000000000 0.0000000000000000 0.0000000000000000 0.0147705078125000
0.0000000000000000 0.0000000000000000 0.0000000000000000 0.0244750976562500
0.0014648437500000 0.0000000000000000 0.0000000000000000 0.0253906250000000
0.0000000000000000 0.0000000000000000 0.0000000000000000 0.0091552734375000
0.0220947265625000 0.1758422851562500 0.0000000000000000 0.0000000000000000
0.0358276367187500 0.0944824218750000 0.0259399414062500 0.0000000000000000
0.0000000000000000 0.0000000000000000 0.0003051757812500 0.0000000000000000
0.0591430664062500 0.0000000000000000 0.0000000000000000 0.0000000000000000
0.0367431640625000 0.0000000000000000 0.0000000000000000 0.0000000000000000
0.0632934570312500 0.0000000000000000 0.0000000000000000 0.0000000000000000
0.1060791015625000 0.0000000000000000 0.0000000000000000 0.0000000000000000
0.0909423828125000 0.0000000000000000 0.0000000000000000 0.0000000000000000
0.0762939453125000 0.0000000000000000 0.0000000000000000 0.0000000000000000
0.0943603515625000 0.0000000000000000 0.0000000000000000 0.0000000000000000
0.1011352539062500 0.0000000000000000 0.0000000000000000 0.0000000000000000
0.0746459960937500 0.0000000000000000 0.0000000000000000 0.0000000000000000
0.0825805664062500 0.0000000000000000 0.0000000000000000 0.0000000000000000
0.0637817382812500 0.0000000000000000 0.0000000000000000 0.0000000000000000
0.0649414062500000 0.0000000000000000 0.0000000000000000 0.0000000000000000
0.0838012695312500 0.0000000000000000 0.0000000000000000 0.0000000000000000
0.0000000000000000 0.0000000000000000 0.1712646484375000 0.0000000000000000
0.0000000000000000 0.0000000000000000 0.0000000000000000 0.1064453125000000
0.0028686523437500 0.0000000000000000 0.0000000000000000 0.0000000000000000
0.0210571289062500 0.0000000000000000 0.0000000000000000 0.0000000000000000
0.0136108398437500 0.0000000000000000 0.0000000000000000 0.0000000000000000
0.0321655273437500 0.0000000000000000 0.0000000000000000 0.0000000000000000
0.0135498046875000 0.0000000000000000 0.0000000000000000 0.0000000000000000
0.0014648437500000 0.0000000000000000 0.0000000000000000 0.0000000000000000
0.0000000000000000 0.0000000000000000 0.0000000000000000 0.0099487304687500
0.0000000000000000 0.0000000000000000 0.0000000000000000 0.0153808593750000
0.0000000000000000 0.0000000000000000 0.0000000000000000 0.0149536132812500
0.0000000000000000 0.0000000000000000 0.0000000000000000 0.0170288085937500
0.0000000000000000 0.0000000000000000 0.0000000000000000 0.0233154296875000
0.0000000000000000 0.0000000000000000 0.0000000000000000 0.0211181640625000
0.0000000000000000 0.0435791015625000 0.0000000000000000 0.0000000000000000
0.0336303710937500 0.2011718750000000 0.0000000000000000 0.0000000000000000
0.0000000000000000 0.0000000000000000 0.0650634765625000 0.0000000000000000
0.0606079101562500 0.0000000000000000 0.0000000000000000 0.0000000000000000
0.0831298828125000 0.0000000000000000 0.0000000000000000 0.0000000000000000
0.1063232421875000 0.0000000000000000 0.0000000000000000 0.0000000000000000
0.0969848632812500 0.0000000000000000 0.0000000000000000 0.0000000000000000
0.0806884765625000 0.0000000000000000 0.0000000000000000 0.0000000000000000
0.0422363281250000 0.0000000000000000 0.0000000000000000 0.0000000000000000
0.0400390625000000 0.0000000000000000 0.0000000000000000 0.0000000000000000
0.0333251953125000 0.0000000000000000 0.0000000000000000 0.0000000000000000
0.0205688476562500 0.0000000000000000 0.0000000000000000 0.0000000000000000
0.0426635742187500 0.0000000000000000 0.0000000000000000 0.0000000000000000
0.0725097656250000 0.0000000000000000 0.0000000000000000 0.0000000000000000
0.0367431640625000 0.0000000000000000 0.0000000000000000 0.0000000000000000
0.0000000000000000 0.0000000000000000 0.1285400390625000 0.0000000000000000
0.0000000000000000 0.0000000000000000 0.2199707031250000 0.0000000000000000
0.0000000000000000 0.0000000000000000 0.0000000000000000 0.0667724609375000
0.0158081054687500 0.0000000000000000 0.0000000000000000 0.0000000000000000
0.0208129882812500 0.0000000000000000 0.0000000000000000 0.0000000000000000
0.0228881835937500 0.0000000000000000 0.0000000000000000 0.0000000000000000
0.0179443359375000 0.0000000000000000 0.0000000000000000 0.0000000000000000
0.0003051757812500 0.0000000000000000 0.0000000000000000 0.0000000000000000
0.0172729492187500 0.0000000000000000 0.0000000000000000 0.0000000000000000
0.0045776367187500 0.0000000000000000 0.0000000000000000 0.0105590820312500
0.0000000000000000 0.0000000000000000 0.0000000000000000 0.0209960937500000
0.0063476562500000 0.0000000000000000 0.0000000000000000 0.0184936523437500
0.0062255859375000 0.0000000000000000 0.0000000000000000 0.0148925781250000
0.0000000000000000 0.0000000000000000 0.0000000000000000 0.0218505859375000
0.0000000000000000 0.0000000000000000 0.0000000000000000 0.0240478515625000
0.0000000000000000 0.0000000000000000 0.0000000000000000 0.0000000000000000
0.0124511718750000 0.2186889648437500 0.0000000000000000 0.0000000000000000
0.0000000000000000 0.1159667968750000 0.0671997070312500 0.0000000000000000
0.0000000000000000 0.0000000000000000 0.0165405273437500 0.0000000000000000
0.0764770507812500 0.0000000000000000 0.0000000000000000 0.0000000000000000
0.0863037109375000 0.0000000000000000 0.0000000000000000 0.0000000000000000
0.0137939453125000 0.0000000000000000 0.0000000000000000 0.0000000000000000
0.0057373046875000 0.0000000000000000 0.0000000000000000 0.0000000000000000
0.0208129882812500 0.0000000000000000 0.0000000000000000 0.0000000000000000
0.0366821289062500 0.0000000000000000 0.0000000000000000 0.0000000000000000
0.0127563476562500 0.0000000000000000 0.0000000000000000 0.0000000000000000
0.0252685546875000 0.0000000000000000 0.0000000000000000 0.0000000000000000
0.0314331054687500 0.0000000000000000 0.0000000000000000 0.0000000000000000
0.0651855468750000 0.0000000000000000 0.0000000000000000 0.0000000000000000
0.0733642578125000 0.0000000000000000 0.0000000000000000 0.0000000000000000
0.0192260742187500 0.0000000000000000 0.0726928710937500 0.0000000000000000
0.0000000000000000 0.0000000000000000 0.0452880859375000 0.0963745117187500
0.0000000000000000 0.0000000000000000 0.0000000000000000 0.0343627929687500
0.0177612304687500 0.0000000000000000 0.0000000000000000 0.0000000000000000
0.0170898437500000 0.0000000000000000 0.0000000000000000 0.0000000000000000
0.0369262695312500 0.0000000000000000 0.0000000000000000 0.0000000000000000
0.0344238281250000 0.0000000000000000 0.0000000000000000 0.0000000000000000
0.0277709960937500 0.0000000000000000 0.0000000000000000 0.0000000000000000
0.0262451171875000 0.0000000000000000 0.0000000000000000 0.0000000000000000
0.0008544921875000 0.0000000000000000 0.0000000000000000 0.0132446289062500
0.0029296875000000 0.0000000000000000 0.0000000000000000 0.0128173828125000
0.0019531250000000 0.0000000000000000 0.0000000000000000 0.0129394531250000
0.0087890625000000 0.0000000000000000 0.0000000000000000 0.0206298828125000
0.0000000000000000 0.0000000000000000 0.0000000000000000 0.0239868164062500
0.0000000000000000 0.0000000000000000 0.0000000000000000 0.0209960937500000
0.0000000000000000 0.0000000000000000 0.0000000000000000 0.0195922851562500
0.0000000000000000 0.0789794921875000 0.0000000000000000 0.0000000000000000
0.1359252929687500 0.1950073242187500 0.0000000000000000 0.0000000000000000
0.0302124023437500 0.0000000000000000 0.0301513671875000 0.0000000000000000
0.1018066406250000 0.0000000000000000 0.0000000000000000 0.0000000000000000
0.0383300781250000 0.0000000000000000 0.0000000000000000 0.0000000000000000
0.0217895507812500 0.0000000000000000 0.0000000000000000 0.0000000000000000
0.0592651367187500 0.0000000000000000 0.0000000000000000 0.0000000000000000
0.1283569335937500 0.0000000000000000 0.0000000000000000 0.0000000000000000
0.1671142578125000 0.0000000000000000 0.0000000000000000 0.0000000000000000
0.1388549804687500 0.0000000000000000 0.0000000000000000 0.0000000000000000
0.0966796875000000 0.0000000000000000 0.0000000000000000 0.0000000000000000
0.0815429687500000 0.0000000000000000 0.0000000000000000 0.0000000000000000
0.0530395507812500 0.0000000000000000 0.0000000000000000 0.0000000000000000
0.0518798828125000 0.0000000000000000 0.0000000000000000 0.0000000000000000
0.1230468750000000 0.0000000000000000 0.0000000000000000 0.0000000000000000
0.0524902343750000 0.0000000000000000 0.0000000000000000 0.0345458984375000
0.2114257812500000 0.0000000000000000 0.0000000000000000 0.0870971679687500
0.0245971679687500 0.0000000000000000 0.0000000000000000 0.0000000000000000
0.0296020507812500 0.0000000000000000 0.0000000000000000 0.0000000000000000
0.0247802734375000 0.0000000000000000 0.0000000000000000 0.0000000000000000
0.0149536132812500 0.0000000000000000 0.0000000000000000 0.0000000000000000
0.0209350585937500 0.0000000000000000 0.0000000000000000 0.0000000000000000
0.0108642578125000 0.0000000000000000 0.0000000000000000 0.0000000000000000
0.0000000000000000 0.0000000000000000 0.0000000000000000 0.0090332031250000
0.0000000000000000 0.0000000000000000 0.0000000000000000 0.0112304687500000
0.0000000000000000 0.0000000000000000 0.0000000000000000 0.0103149414062500
0.0000000000000000 0.0000000000000000 0.0000000000000000 0.0176391601562500
0.0000000000000000 0.0000000000000000 0.0000000000000000 0.0156860351562500
0.0033569335937500 0.0000000000000000 0.0000000000000000 0.0255126953125000
0.0825805664062500 0.0000000000000000 0.0000000000000000 0.0093994140625000
0.3145141601562500 0.0000000000000000 0.0000000000000000 0.0000000000000000
0.5081787109375000 0.0083618164062500 0.0000000000000000 0.0000000000000000
0.3442993164062500 0.0000000000000000 0.0000000000000000 0.0000000000000000
0.0285644531250000 0.0000000000000000 0.0000000000000000 0.0000000000000000
0.1148681640625000 0.0000000000000000 0.0000000000000000 0.0000000000000000
0.0531005859375000 0.0000000000000000 0.0000000000000000 0.0000000000000000
0.0808715820312500 0.0000000000000000 0.0000000000000000 0.0000000000000000
0.0832519531250000 0.0003662109375000 0.0000000000000000 0.0000000000000000
0.0082397460937500 0.0000000000000000 0.0041503906250000 0.0000000000000000
0.0000000000000000 0.0000000000000000 0.0000000000000000 0.0000000000000000
0.0000000000000000 0.0000000000000000 0.0000000000000000 0.0000000000000000
0.0171508789062500 0.0000000000000000 0.0000000000000000 0.0000000000000000
0.0598754882812500 0.0000000000000000 0.0000000000000000 0.0000000000000000
0.0468139648437500 0.0000000000000000 0.0000000000000000 0.0000000000000000
0.1657714843750000 0.0000000000000000 0.0000000000000000 0.0000000000000000
0.0752563476562500 0.0000000000000000 0.0479125976562500 0.0000000000000000
0.2197265625000000 0.0000000000000000 0.0000000000000000 0.1285400390625000
0.4041748046875000 0.0000000000000000 0.0000000000000000 0.0031738281250000
0.2305908203125000 0.0000000000000000 0.0000000000000000 0.0000000000000000
0.0032958984375000 0.0000000000000000 0.0000000000000000 0.0000000000000000
0.0016479492187500 0.0000000000000000 0.0000000000000000 0.0000000000000000
0.0130615234375000 0.0000000000000000 0.0000000000000000 0.0000000000000000
0.0199584960937500 0.0000000000000000 0.0000000000000000 0.0000000000000000
0.0000000000000000 0.0000000000000000 0.0000000000000000 0.0082397460937500
0.0000000000000000 0.0000000000000000 0.0000000000000000 0.0178222656250000
0.0120239257812500 0.0000000000000000 0.0000000000000000 0.0172729492187500
0.0000000000000000 0.0000000000000000 0.0000000000000000 0.0144042968750000
0.0000000000000000 0.0000000000000000 0.0000000000000000 0.0162963867187500
0.0000000000000000 0.0000000000000000 0.0000000000000000 0.0180053710937500
0.1864624023437500 0.0972290039062500 0.0000000000000000 0.0000000000000000
0.4819946289062500 0.1510009765625000 0.0000000000000000 0.0000000000000000
0.4922485351562500 0.0000000000000000 0.0000000000000000 0.0000000000000000
0.2080688476562500 0.0000000000000000 0.0000000000000000 0.0000000000000000
0.0000000000000000 0.0000000000000000 0.0000000000000000 0.0000000000000000
0.0825805664062500 0.0000000000000000 0.0000000000000000 0.0000000000000000
0.0712280273437500 0.0000000000000000 0.0000000000000000 0.0000000000000000
0.0476684570312500 0.0000000000000000 0.0000000000000000 0.0000000000000000
0.0307617187500000 0.0000000000000000 0.0128784179687500 0.0000000000000000
0.0000000000000000 0.0000000000000000 0.0449218750000000 0.0000000000000000
0.0000000000000000 0.0000000000000000 0.0051879882812500 0.0000000000000000
0.0255737304687500 0.0000000000000000 0.0000000000000000 0.0000000000000000
0.0874633789062500 0.0000000000000000 0.0000000000000000 0.0000000000000000
0.0983276367187500 0.0000000000000000 0.0000000000000000 0.0000000000000000
0.0357055664062500 0.0000000000000000 0.0000000000000000 0.0000000000000000
0.0359497070312500 0.1620483398437500 0.0000000000000000 0.0000000000000000
0.2018432617187500 0.0000000000000000 0.0031127929687500 0.0000000000000000
0.1093139648437500 0.0000000000000000 0.0000000000000000 0.0000000000000000
0.4147338867187500 0.0000000000000000 0.0000000000000000 0.0000000000000000
0.4533691406250000 0.0000000000000000 0.0000000000000000 0.0546875000000000
0.4771728515625000 0.0000000000000000 0.0000000000000000 0.0052490234375000
0.2514038085937500 0.0000000000000000 0.0000000000000000 0.0091552734375000
0.0399169921875000 0.0000000000000000 0.0000000000000000 0.0000000000000000
0.0296020507812500 0.0000000000000000 0.0000000000000000 0.0000000000000000
0.0035400390625000 0.0000000000000000 0.0000000000000000 0.0088500976562500
0.0000000000000000 0.0000000000000000 0.0000000000000000 0.0097656250000000
0.0018310546875000 0.0000000000000000 0.0000000000000000 0.0161743164062500
0.0055541992187500 0.0000000000000000 0.0000000000000000 0.0140380859375000
0.0030517578125000 0.0000000000000000 0.0000000000000000 0.0194702148437500
0.0166015625000000 0.0000000000000000 0.0000000000000000 0.0150146484375000
0.2059326171875000 0.4190673828125000 0.0000000000000000 0.0000000000000000
0.3639526367187500 0.3148193359375000 0.0000000000000000 0.0000000000000000
0.1748657226562500 0.0000000000000000 0.1220703125000000 0.0000000000000000
0.0000000000000000 0.0000000000000000 0.0000000000000000 0.0000000000000000
0.0307617187500000 0.0531616210937500 0.0000000000000000 0.0000000000000000
0.0033569335937500 0.0000000000000000 0.0000000000000000 0.0000000000000000
0.0835571289062500 0.0000000000000000 0.0000000000000000 0.0000000000000000
0.1715087890625000 0.0000000000000000 0.0000000000000000 0.0000000000000000
0.1434936523437500 0.0000000000000000 0.0000000000000000 0.0000000000000000
0.1277465820312500 0.0000000000000000 0.0000000000000000 0.0000000000000000
0.1343994140625000 0.0000000000000000 0.0000000000000000 0.0000000000000000
0.1805419921875000 0.0000000000000000 0.0000000000000000 0.0000000000000000
0.1679077148437500 0.0000000000000000 0.0000000000000000 0.0000000000000000
0.0360717773437500 0.0000000000000000 0.0162353515625000 0.0000000000000000
0.0000000000000000 0.0000000000000000 0.0000000000000000 0.0000000000000000
0.0342407226562500 0.1008911132812500 0.0000000000000000 0.0000000000000000
0.1702270507812500 0.0000000000000000 0.0000000000000000 0.0000000000000000
0.0360107421875000 0.0000000000000000 0.0000000000000000 0.0000000000000000
0.1543579101562500 0.0000000000000000 0.0000000000000000 0.0000000000000000
0.1723632812500000 0.0000000000000000 0.0000000000000000 0.0000000000000000
0.4280395507812500 0.0000000000000000 0.0000000000000000 0.0000000000000000
0.4779663085937500 0.0000000000000000 0.0000000000000000 0.0568237304687500
0.4653930664062500 0.0000000000000000 0.0000000000000000 0.0000000000000000
0.2899780273437500 0.0000000000000000 0.0000000000000000 0.0000000000000000
0.0091552734375000 0.0000000000000000 0.0000000000000000 0.0046997070312500
0.0180664062500000 0.0000000000000000 0.0000000000000000 0.0115966796875000
0.0021362304687500 0.0000000000000000 0.0000000000000000 0.0101928710937500
0.0126953125000000 0.0000000000000000 0.0000000000000000 0.0180664062500000
0.0000000000000000 0.0000000000000000 0.0000000000000000 0.0134277343750000
0.1156005859375000 0.0000000000000000 0.0000000000000000 0.0000000000000000
0.3892822265625000 0.4696044921875000 0.0000000000000000 0.0000000000000000
0.5344238281250000 0.1064453125000000 0.0000000000000000 0.0000000000000000
0.0000000000000000 0.0000000000000000 0.1651611328125000 0.0000000000000000
0.0000000000000000 0.0000000000000000 0.0000000000000000 0.0000000000000000
0.0346679687500000 0.0197143554687500 0.0000000000000000 0.0000000000000000
0.0242919921875000 0.0520019531250000 0.0092163085937500 0.0000000000000000
0.0000000000000000 0.0017700195312500 0.0193481445312500 0.0000000000000000
0.0000000000000000 0.0416870117187500 0.0000000000000000 0.0000000000000000
0.0933227539062500 0.0000000000000000 0.0000000000000000 0.0000000000000000
0.1005859375000000 0.0000000000000000 0.0000000000000000 0.0000000000000000
0.1050415039062500 0.0000000000000000 0.0000000000000000 0.0000000000000000
0.0324707031250000 0.0000000000000000 0.0000000000000000 0.0000000000000000
0.0000000000000000 0.0000000000000000 0.0510864257812500 0.0000000000000000
0.0000000000000000 0.0000000000000000 0.0419311523437500 0.0000000000000000
0.0000000000000000 0.0305786132812500 0.0000000000000000 0.0000000000000000
0.1826782226562500 0.0802612304687500 0.0000000000000000 0.0000000000000000
0.1622314453125000 0.0000000000000000 0.0000000000000000 0.0000000000000000
0.0283813476562500 0.0000000000000000 0.0000000000000000 0.0000000000000000
0.0397949218750000 0.0000000000000000 0.0000000000000000 0.0000000000000000
0.0597534179687500 0.0393066406250000 0.0000000000000000 0.0000000000000000
0.0351562500000000 0.0000000000000000 0.0000000000000000 0.0000000000000000
0.1573486328125000 0.0000000000000000 0.0000000000000000 0.0000000000000000
0.4363403320312500 0.0000000000000000 0.0000000000000000 0.0000000000000000
0.4250488281250000 0.0000000000000000 0.0000000000000000 0.0078125000000000
0.0169677734375000 0.0000000000000000 0.0000000000000000 0.0074462890625000
0.0136108398437500 0.0000000000000000 0.0000000000000000 0.0017700195312500
0.0227050781250000 0.0000000000000000 0.0000000000000000 0.0087890625000000
0.0346679687500000 0.0000000000000000 0.0000000000000000 0.0113525390625000
0.1680297851562500 0.0000000000000000 0.0000000000000000 0.0000000000000000
0.4452514648437500 0.0127563476562500 0.0000000000000000 0.0000000000000000
0.5842285156250000 0.2395629882812500 0.0000000000000000 0.0000000000000000
0.4334716796875000 0.0452270507812500 0.0000000000000000 0.0000000000000000
0.0000000000000000 0.0000000000000000 0.1131591796875000 0.0000000000000000
0.0000000000000000 0.0000000000000000 0.0000000000000000 0.0000000000000000
0.0834350585937500 0.0000000000000000 0.0000000000000000 0.0000000000000000
0.0070190429687500 0.0148925781250000 0.0000000000000000 0.0000000000000000
0.0000000000000000 0.0143432617187500 0.0418090820312500 0.0000000000000000
0.0000000000000000 0.0175170898437500 0.0375976562500000 0.0000000000000000
0.0000000000000000 0.0000000000000000 0.0417480468750000 0.0000000000000000
0.0000000000000000 0.0000000000000000 0.0400390625000000 0.0000000000000000
0.0000000000000000 0.0000000000000000 0.0520629882812500 0.0000000000000000
0.0000000000000000 0.0000000000000000 0.0759887695312500 0.0000000000000000
0.0000000000000000 0.0000000000000000 0.0582275390625000 0.0000000000000000
0.0000000000000000 0.0000000000000000 0.0000000000000000 0.0000000000000000
0.1364746093750000 0.1198120117187500 0.0000000000000000 0.0000000000000000
0.1921386718750000 0.0384521484375000 0.0000000000000000 0.0000000000000000
0.1273193359375000 0.0000000000000000 0.0000000000000000 0.0000000000000000
0.0758666992187500 0.0000000000000000 0.0000000000000000 0.0000000000000000
0.0721435546875000 0.0000000000000000 0.0000000000000000 0.0000000000000000
0.0748291015625000 0.0000000000000000 0.0000000000000000 0.0000000000000000
0.0424804687500000 0.0424804687500000 0.0147705078125000 0.0000000000000000
0.0000000000000000 0.0000000000000000 0.0000000000000000 0.0000000000000000
0.0677490234375000 0.0000000000000000 0.0000000000000000 0.0000000000000000
0.1901855468750000 0.0000000000000000 0.0000000000000000 0.0000000000000000
