0000 0000 0000 0000
0000 0000 0000 0000
0000 0000 0000 0000
0000 0000 0000 0000
06df 03ff 0000 0000
0ee5 11cd 0000 0000
1593 0745 0000 0000
0812 0000 0000 0000
034e 0000 0000 0000
0000 0000 011e 0000
0000 0000 03eb 0000
0000 0000 0410 0000
0000 0000 0558 0000
0000 0000 048b 0000
0000 0000 0243 0000
0000 0000 0025 0000
00b0 0000 0000 0000
0291 0000 0000 0000
06a8 0000 0000 0000
0f2a 0000 0000 0000
131a 0000 0000 0000
10d3 0000 0000 0000
0c35 0000 0000 0000
0db7 0000 0000 0000
0b7b 0000 0000 0083
0000 0000 0000 0000
00c5 0000 0000 0000
00b6 0000 0000 0000
00ed 0000 0000 0000
011a 0000 0000 0000
0000 0000 0000 0000
0000 0000 0000 0000
0000 0000 0000 0000
0000 0000 0000 0000
0435 0c83 0000 0000
0a8c 13fe 0000 0000
04a8 06cd 015c 0000
024a 0000 017d 0000
0000 0000 0457 0000
0000 0000 0842 0000
0000 0000 0847 0000
0000 0000 08f5 0000
0000 0000 07e7 0000
0000 0000 0746 0000
0000 0000 0675 0000
0000 0000 0474 0000
0000 0100 0486 0000
0000 0000 04fb 0000
0000 0000 01de 0000
0000 0000 0000 0000
055e 0000 0000 0000
082a 0000 0000 0000
0a3e 0000 0000 0000
0422 0000 0000 0000
0580 0000 0000 0238
0620 0000 0000 00b0
01d1 0000 0000 0000
00cb 0000 0000 0000
0153 0000 0000 0000
00c0 0000 0000 0000
0000 0000 0000 0000
0000 0000 0000 0000
0000 0000 0000 0000
0000 0000 0000 0000
03ca 0882 0000 0000
0d23 1581 0000 0000
05ba 034f 0516 0000
0000 0000 0864 0000
0000 0000 0780 0000
0000 0000 077e 0000
0000 0000 051f 0000
0000 0000 0438 0000
0000 0000 02a1 0000
0000 0000 02c6 0000
0000 0000 03c6 0000
0000 0000 0448 0000
0000 0000 0581 0000
0000 0000 052b 0000
0000 0000 05cf 0000
0000 017e 0566 0000
0000 0232 01fc 0000
0000 0000 0000 0000
03ac 0000 0000 0000
0807 0000 0000 0000
0000 0000 02f0 0000
003a 0000 0000 0325
0000 0000 0000 0000
0000 0000 0000 0000
0000 0000 0000 0000
0011 0000 0000 0000
0000 0000 0000 0000
0000 0000 0000 000c
0000 0000 0000 0000
05db 0000 0000 0000
124a 05aa 0000 0000
175f 06bb 0000 0000
08f6 0000 0503 0000
0000 0000 07ff 0000
0000 0000 02f0 0000
0000 0000 0081 0000
0000 0000 0000 0000
0000 0000 0000 0000
0000 0000 0000 0000
002e 0000 0000 0000
0000 0000 0000 0000
0000 0000 0000 0000
0000 0000 009a 0000
0000 0000 0000 0000
0000 0000 0161 0000
0000 0000 01cd 0000
0000 02c9 0311 0000
0000 0382 0155 0000
0000 0000 0000 0000
069d 0000 0000 0000
02cf 0000 08cd 0000
0000 0000 0000 04c5
0000 0000 0000 0000
0000 0000 0000 0000
0000 0000 0000 0000
0000 0000 0000 0000
0000 0000 0000 0000
0000 0000 0000 0000
03b8 0000 0000 0000
125c 0224 0000 0000
1de7 04e7 0000 0000
15b1 0000 0000 0000
0047 0000 0278 0000
0000 0000 0318 0000
0000 0000 0000 0000
00de 0000 0000 0000
019f 0000 0000 0000
0114 0000 0000 0000
0063 0000 0000 0000
00bb 0000 0000 0000
013e 0000 0000 0000
0115 0000 0000 0000
003c 0000 0000 0000
00a2 0000 0000 0000
0112 0000 0000 0000
0080 0000 0000 0000
0000 0000 00a8 0000
0000 070a 0000 0000
0000 0677 0080 0000
0153 0000 0000 0000
0000 0000 0c50 0000
0000 0000 0000 068b
0000 0000 0000 0000
0000 0000 0000 0000
0000 0000 0000 0000
0000 0000 0000 0000
0000 0000 0000 004f
0000 0000 0000 0000
0824 0352 0000 0000
132d 0d68 0000 0000
18f0 03d9 0000 0000
04ab 0000 064f 0000
0000 0000 0000 0000
0000 0000 0000 0000
0061 0000 0000 0000
0077 0000 0000 0000
01a9 0000 0000 0000
020d 0000 0000 0000
00d5 0000 0000 0000
00a0 0000 0000 0000
0152 0000 0000 0000
0081 0000 0000 0000
00bb 0000 0000 0000
0000 0000 0000 0000
00dc 0000 0000 0000
0000 0000 0000 0000
0000 0000 0000 0000
0156 0564 0000 0000
0471 08ea 0000 0000
0269 0000 009a 0000
0000 0000 1040 0000
0000 0000 0000 0804
0000 0000 0000 0000
0000 0000 0000 0000
0000 0000 0000 0000
0050 0000 0000 0000
0000 0000 0000 0011
00b5 0000 0000 0000
0964 10cc 0000 0000
11e3 0ff3 0000 0000
0b7e 0000 0000 0000
0000 0000 067e 0000
0000 0000 0000 0000
0031 0000 0000 0000
0138 0000 0000 0000
0123 0000 0000 0000
0089 0000 0000 0000
0000 0000 0000 0000
0000 0000 0000 0000
0000 0000 0000 0000
0000 0000 0000 0000
0058 0000 0000 0000
00b1 0000 0000 0000
0000 0000 0000 0000
0042 0000 0000 0000
0046 0000 0000 0000
0172 0000 0000 0000
02cc 029b 0000 0000
06d8 0911 0000 0000
04f1 006b 0037 0000
0000 0000 107d 0037
0000 0000 0000 084f
0000 0000 0000 0000
008e 0000 0000 0000
0000 0000 0000 0000
0054 0000 0000 0000
0000 0000 0000 0037
0000 0000 0000 0000
0500 177e 0000 0000
0d79 1331 0000 0000
05c0 0000 0100 0000
0000 0000 051c 0000
0000 0000 0000 0000
0167 0000 0000 0000
006a 0000 0000 0000
0000 0000 0000 0000
0000 0000 0000 0000
0000 0000 0000 0000
0000 0000 0000 0000
019b 0000 0000 0000
00bb 0000 0000 0000
009c 0000 0000 0000
001b 0000 0000 0000
014c 0000 0000 0000
01b4 0000 0000 0000
023c 0000 0000 0000
00c1 0000 0000 0000
0094 0205 0000 0000
0490 0b3f 0000 0000
01a3 0193 0347 0000
0000 0000 1110 0071
0000 0000 0000 07d8
0000 0000 0000 0000
003a 0000 0000 0000
0000 0000 0000 0000
0000 0000 0000 0000
0000 0000 0000 00b7
0000 0000 0000 0000
04d9 17a7 0000 0000
0b55 142a 0000 0000
039a 0000 0204 0000
0000 0000 0649 0000
0000 0000 0000 0000
01ad 0000 0000 0000
03ab 0000 0000 0000
0463 0000 0000 0000
04e0 0000 0000 0000
03c1 0000 0000 0000
031e 0000 0000 0000
019b 0000 0000 0000
029e 0000 0000 0000
0364 0000 0000 0000
0757 0000 0000 0000
0e23 0000 0000 0000
15f1 0000 0000 0000
156c 0000 0000 0000
1278 0000 0000 0000
0c8f 0000 0000 0000
0860 06b0 0000 0000
0000 0000 1065 0000
0000 0000 1189 0095
0000 0000 0000 056c
0000 0000 0000 0000
0000 0000 0000 0000
0000 0000 0000 0000
002a 0000 0000 0000
0000 0000 0000 00aa
0000 0000 0000 00d2
0051 121e 0000 0000
00b4 19cb 03d7 0000
0000 0b0d 07a1 0000
0000 0000 0973 0000
009f 0000 0000 0000
0ae7 0000 0000 0000
11cc 0000 0000 0000
10d6 0000 0000 0000
0f30 0000 0000 0000
0be1 0000 0000 0000
0939 0000 0000 0000
0535 0000 0000 0000
0396 0000 0000 0000
06c8 0000 0000 0000
0b01 0000 0000 0000
0d48 0000 0000 0000
08da 0000 0000 0000
071a 0000 0000 0000
055b 0000 0000 0000
0344 0000 0000 0000
0472 08c1 0000 0000
0000 0000 16ef 0000
0000 0000 089e 0663
0000 0000 0087 00d7
0019 0000 0000 0000
00b1 0000 0000 0000
0000 0000 0000 0000
004f 0000 0000 0000
0000 0000 0000 00e9
0000 0000 0000 00b8
0000 010b 001c 0000
0072 18f6 0000 0000
0000 100e 0574 0000
0000 0000 0954 0000
0062 0000 0000 0000
090a 0000 0000 0000
04bd 0000 0000 0000
04b7 0000 0000 0000
0501 0000 0000 0000
05ad 0000 0000 0000
03d3 0000 0000 0000
044c 0000 0000 0000
03d1 0000 0000 0000
0541 0000 0000 0000
0728 02c0 0000 0000
08a6 0000 0000 0000
02a8 0000 01b4 0000
0000 0000 0000 0000
0000 0000 0399 0000
0000 0000 02fb 0000
0000 0552 0000 0000
0000 0000 1495 0000
0000 0000 0000 0792
0000 0000 0000 0000
00bb 0000 0000 0000
0000 0000 0000 0000
0154 0000 0000 0000
004c 0000 0000 0000
0000 0000 0000 00f7
0000 0000 0000 00bf
0000 0000 0000 00c6
0572 16ce 0000 0000
0cb3 1587 0000 0000
0016 0000 0c9a 0000
0000 0000 0000 0000
0058 053c 0253 0000
0000 0000 0000 0000
04c8 0000 0000 0000
0935 0000 0000 0000
0765 0000 0000 0000
043e 0000 0000 0000
0222 0000 0000 0000
00d4 0000 0000 0000
0302 01bb 0000 0000
07da 02b0 0000 0000
061d 0000 0000 0000
06bf 0000 0000 0000
066d 0000 0000 0000
0118 0000 0000 0000
0000 0000 021d 0000
004f 0000 0000 0000
0000 0000 0de0 0000
0000 0000 0000 05af
0233 0000 0000 0000
000e 0000 0000 0000
0000 0000 0000 0000
000f 0000 0000 0000
002b 0000 0000 0000
0000 0000 0000 00a1
0000 0000 0000 00ed
0000 0000 0000 0131
0355 13f7 0000 0000
0799 17b5 0046 0000
0000 0000 1176 0000
0000 0000 0000 0000
0268 0000 0000 0000
05ae 026e 0000 0000
05c0 038c 0000 0000
0662 0000 0000 0000
0348 0000 0000 0000
0000 0000 021b 0000
0239 0000 0000 0000
0000 0000 0000 0000
036e 0271 0000 0000
0316 04a6 0000 0000
0239 0148 00f7 0000
0000 0000 0257 0000
0000 0000 0552 0000
0000 0000 0000 0000
0000 0000 033e 0000
0000 0000 0000 0000
0000 0000 080f 0000
0000 0000 0000 032f
0021 0000 0000 0000
0000 0000 0000 0000
0037 0000 0000 0000
0000 0000 0000 0000
0065 0000 0000 0000
0000 0000 0000 012d
0000 0000 0000 00da
0000 0000 0000 0127
0000 08d1 0000 0000
0000 18dc 02cb 0000
0000 0000 141b 0000
0000 0000 0000 0000
0308 0000 023e 0000
0000 076d 0000 0000
0000 074c 04f5 0000
0000 0000 085c 0000
0000 0000 007b 0000
0000 0000 084b 0000
0000 0000 0000 0000
0000 0000 0000 0000
0000 02d7 0000 0000
0000 02a0 0259 0000
0000 00bb 0502 0000
0000 0000 0602 0000
0000 0000 0657 0000
0000 0000 0000 0000
0000 0000 036e 0000
0000 0000 0000 0000
0000 0000 0747 0000
0000 0000 0000 03ad
0000 0000 0000 0000
007e 0000 0000 0000
0025 0000 0000 0000
00e8 0000 0000 0000
0006 0000 0000 0000
0000 0000 0000 00ff
001b 0000 0000 013b
0000 0000 0000 0178
0000 0000 0000 0000
0000 0f4d 02be 0000
0000 0000 0eb8 0000
0000 0514 0188 0000
0146 0000 02da 0000
0000 020c 0000 0000
0000 035a 0410 0000
0000 0000 0680 0000
0000 0000 03f3 0000
0000 0000 08b9 0000
0000 0000 0009 0000
0000 0000 000f 0000
0000 0000 0000 0000
0000 007c 025f 0000
0000 0000 0576 0000
0000 0000 02a9 0000
0000 0000 032d 0000
0000 0000 0126 0000
0000 0000 0000 0000
0000 0000 0000 0000
0000 0000 077e 0046
0000 0000 0000 04e6
0000 0000 0000 0000
013e 0000 0000 0000
008e 0000 0000 0000
005f 0000 0000 0000
00c0 0000 0000 0000
0000 0000 0000 00cf
0000 0000 0000 015d
0000 0000 0000 0175
0000 0000 0000 016c
0000 0000 0000 0000
00a8 040b 0000 0000
0000 029d 00ea 0000
02c2 0000 0000 0000
0000 0000 0000 0000
021c 0000 0042 0000
0000 0000 0254 0000
0000 0000 05e2 0000
0000 0000 0481 0000
0000 0000 0000 0000
0037 0000 0000 0000
0000 0000 0000 0000
0000 0000 0000 0000
0000 0000 0127 0000
0000 0000 00a9 0000
0000 0000 00af 0000
0000 0000 0000 0000
012d 0000 0000 0000
0295 0000 0000 0000
0000 0000 07cc 00b8
0000 0000 0000 04e6
0094 0000 0000 0000
0000 0000 0000 0000
00bc 0000 0000 0000
00e1 0000 0000 0000
00d3 0000 0000 0000
0000 0000 0000 00b8
0000 0000 0000 0123
0000 0000 0000 01af
0000 0000 0000 018a
0000 0000 0000 0051
02ec 0738 0000 0000
0558 03ed 0000 0000
02d7 0000 0000 0000
0208 0000 0000 0000
0158 0000 0000 0000
0000 0000 0000 0000
0000 0000 01dd 0000
0000 0000 0000 0000
00a2 0000 0000 0000
0248 0000 0000 0000
00aa 0000 0000 0000
001f 0000 0000 0000
0112 0000 0000 0000
00d7 0000 0000 0000
01c2 0000 0000 0000
00d1 0000 0000 0000
0167 0000 0000 0000
0347 0000 0000 0000
0000 0000 073a 00b6
0000 0000 0000 04f0
00b9 0000 0000 0000
0107 0000 0000 0000
0059 0000 0000 0000
00a8 0000 0000 0000
00fd 0000 0000 0000
0022 0000 0000 00f6
0000 0000 0000 0138
0000 0000 0000 01a3
0000 0000 0000 012b
0000 0000 0000 0116
037c 07e5 0000 0000
0822 01d4 0000 0000
033f 0000 0000 0000
020a 0000 0000 0000
0187 0000 0000 0000
005a 0000 0000 0000
001d 0000 00cb 0000
0000 0000 0000 0000
018c 0000 0000 0000
046c 0000 0000 0000
06b9 0000 0000 0000
0936 0000 0000 0000
0938 0000 0000 0000
0352 0000 0000 0000
0196 0000 0000 0000
032b 0000 0000 0000
0223 0000 0000 0000
02ac 0000 0000 0000
0000 0000 0772 0065
0000 0000 0000 059b
012a 0000 0000 0000
01ce 0000 0000 0000
003a 0000 0000 0000
0000 0000 0000 0000
00c7 0000 0000 0000
0000 0000 0000 00e3
0000 0000 0000 0120
0000 0000 0000 0193
0000 0000 0000 0189
0000 0000 0000 019b
00c8 05e6 0000 0000
0234 05ed 0087 0000
0000 0256 0000 0000
0246 0000 0000 0000
01a1 0000 0000 0000
027a 0000 0000 0000
025f 0000 0000 0000
044e 0000 0000 0000
08d2 0000 0000 0000
0998 0000 0000 0000
0994 0000 0000 0000
0885 0000 0000 0000
0596 0000 0000 0000
050e 0000 0000 0000
0181 0000 0000 0000
0100 0000 0000 0000
022b 0000 0000 0000
024e 0000 0000 0000
0000 0000 095d 0000
0000 0000 0000 05dc
0013 0000 0000 0000
0077 0000 0000 0000
00bb 0000 0000 0000
00f8 0000 0000 0000
00fc 0000 0000 0000
0000 0000 0000 00f4
0000 0000 0000 0161
0000 0000 0000 0182
0000 0000 0000 017c
0000 0000 0000 016c
0000 0000 0000 0000
0369 070e 0000 0000
0000 00a6 016d 0000
0318 0000 0000 0000
009d 0000 0000 0000
0123 0000 0000 0000
00d6 0000 0000 0000
03cf 0000 0000 0000
09a9 0000 0000 0000
0953 0000 0000 0000
06fc 0000 0000 0000
0601 0000 0000 0000
0000 0000 0000 0000
0374 0000 0000 0000
039f 0000 0000 0000
0262 0000 0000 0000
03a5 0000 0000 0000
0000 0000 04c9 0000
0000 0000 0c05 0000
0000 0000 0000 0449
0138 0000 0000 0000
00d5 0000 0000 0000
0075 0000 0000 0000
01e0 0000 0000 0000
0151 0000 0000 0000
0000 0000 0000 0101
0000 0000 0000 011a
003b 0000 0000 0125
0036 0000 0000 01a9
0000 0000 0000 019c
0000 0000 0000 0000
04c1 0bed 0000 0000
074d 01c9 00f0 0000
0407 0000 0000 0000
0185 0000 0000 0000
00c2 0000 0000 0000
0246 0000 0000 0000
0315 0000 0000 0000
0299 0000 0000 0000
0206 0000 0000 0000
0488 0000 0000 0000
01ce 0000 0000 0000
02a6 0000 0000 0000
03f9 0000 0000 0000
06b1 0000 0000 0000
05f5 0000 0000 0000
058f 0000 0000 0000
0000 0000 0b13 0000
0000 0000 04a4 04fd
0000 0000 0000 0069
00d0 0000 0000 0000
0144 0000 0000 0000
012e 0000 0000 0000
01d2 0000 0000 0000
00fe 0000 0000 0000
0000 0000 0000 00fe
0000 0000 0000 00d4
0000 0000 0000 00f2
0000 0000 0000 0191
0018 0000 0000 01a0
0000 0000 0000 0096
016a 0b41 0000 0000
024b 060c 01a9 0000
0000 0000 0005 0000
03c9 0000 0000 0000
025a 0000 0000 0000
040d 0000 0000 0000
06ca 0000 0000 0000
05d2 0000 0000 0000
04e2 0000 0000 0000
060a 0000 0000 0000
0679 0000 0000 0000
04c7 0000 0000 0000
0549 0000 0000 0000
0415 0000 0000 0000
0428 0000 0000 0000
055d 0000 0000 0000
0000 0000 0af6 0000
0000 0000 0000 06d0
002f 0000 0000 0000
0159 0000 0000 0000
00df 0000 0000 0000
020f 0000 0000 0000
00de 0000 0000 0000
0018 0000 0000 0000
0000 0000 0000 00a3
0000 0000 0000 00fc
0000 0000 0000 00f5
0000 0000 0000 0117
0000 0000 0000 017e
0000 0000 0000 015a
0000 02ca 0000 0000
0227 0ce0 0000 0000
0000 0000 042a 0000
03e1 0000 0000 0000
0552 0000 0000 0000
06ce 0000 0000 0000
0635 0000 0000 0000
052a 0000 0000 0000
02b4 0000 0000 0000
0290 0000 0000 0000
0222 0000 0000 0000
0151 0000 0000 0000
02bb 0000 0000 0000
04a4 0000 0000 0000
025a 0000 0000 0000
0000 0000 083a 0000
0000 0000 0e14 0000
0000 0000 0000 0446
0103 0000 0000 0000
0155 0000 0000 0000
0177 0000 0000 0000
0126 0000 0000 0000
0005 0000 0000 0000
011b 0000 0000 0000
004b 0000 0000 00ad
0000 0000 0000 0158
0068 0000 0000 012f
0066 0000 0000 00f4
0000 0000 0000 0166
0000 0000 0000 018a
0000 0000 0000 0000
00cc 0dff 0000 0000
0000 076c 044d 0000
0000 0000 010f 0000
04e5 0000 0000 0000
0586 0000 0000 0000
00e2 0000 0000 0000
005e 0000 0000 0000
0155 0000 0000 0000
0259 0000 0000 0000
00d1 0000 0000 0000
019e 0000 0000 0000
0203 0000 0000 0000
042c 0000 0000 0000
04b2 0000 0000 0000
013b 0000 04a7 0000
0000 0000 02e6 062b
0000 0000 0000 0233
0123 0000 0000 0000
0118 0000 0000 0000
025d 0000 0000 0000
0234 0000 0000 0000
01c7 0000 0000 0000
01ae 0000 0000 0000
000e 0000 0000 00d9
0030 0000 0000 00d2
0020 0000 0000 00d4
0090 0000 0000 0152
0000 0000 0000 0189
0000 0000 0000 0158
0000 0000 0000 0141
0000 050e 0000 0000
08b3 0c7b 0000 0000
01ef 0000 01ee 0000
0684 0000 0000 0000
0274 0000 0000 0000
0165 0000 0000 0000
03cb 0000 0000 0000
0837 0000 0000 0000
0ab2 0000 0000 0000
08e3 0000 0000 0000
0630 0000 0000 0000
0538 0000 0000 0000
0365 0000 0000 0000
0352 0000 0000 0000
07e0 0000 0000 0000
035c 0000 0000 0236
0d88 0000 0000 0593
0193 0000 0000 0000
01e5 0000 0000 0000
0196 0000 0000 0000
00f5 0000 0000 0000
0157 0000 0000 0000
00b2 0000 0000 0000
0000 0000 0000 0094
0000 0000 0000 00b8
0000 0000 0000 00a9
0000 0000 0000 0121
0000 0000 0000 0101
0037 0000 0000 01a2
0549 0000 0000 009a
1421 0000 0000 0000
2086 0089 0000 0000
1609 0000 0000 0000
01d4 0000 0000 0000
075a 0000 0000 0000
0366 0000 0000 0000
052d 0000 0000 0000
0554 0006 0000 0000
0087 0000 0044 0000
0000 0000 0000 0000
0000 0000 0000 0000
0119 0000 0000 0000
03d5 0000 0000 0000
02ff 0000 0000 0000
0a9c 0000 0000 0000
04d1 0000 0311 0000
0e10 0000 0000 083a
19de 0000 0000 0034
0ec2 0000 0000 0000
0036 0000 0000 0000
001b 0000 0000 0000
00d6 0000 0000 0000
0147 0000 0000 0000
0000 0000 0000 0087
0000 0000 0000 0124
00c5 0000 0000 011b
0000 0000 0000 00ec
0000 0000 0000 010b
0000 0000 0000 0127
0bef 0639 0000 0000
1ed9 09aa 0000 0000
1f81 0000 0000 0000
0d51 0000 0000 0000
0000 0000 0000 0000
0549 0000 0000 0000
048f 0000 0000 0000
030d 0000 0000 0000
01f8 0000 00d3 0000
0000 0000 02e0 0000
0000 0000 0055 0000
01a3 0000 0000 0000
0599 0000 0000 0000
064b 0000 0000 0000
0249 0000 0000 0000
024d 0a5f 0000 0000
0ceb 0000 0033 0000
06ff 0000 0000 0000
1a8b 0000 0000 0000
1d04 0000 0000 0380
1e8a 0000 0000 0056
1017 0000 0000 0096
028e 0000 0000 0000
01e5 0000 0000 0000
003a 0000 0000 0091
0000 0000 0000 00a0
001e 0000 0000 0109
005b 0000 0000 00e6
0032 0000 0000 013f
0110 0000 0000 00f6
0d2e 1ad2 0000 0000
174b 1426 0000 0000
0b31 0000 07d0 0000
0000 0000 0000 0000
01f8 0367 0000 0000
0037 0000 0000 0000
0559 0000 0000 0000
0afa 0000 0000 0000
092f 0000 0000 0000
082d 0000 0000 0000
089a 0000 0000 0000
0b8e 0000 0000 0000
0abf 0000 0000 0000
024f 0000 010a 0000
0000 0000 0000 0000
0231 0675 0000 0000
0ae5 0000 0000 0000
024e 0000 0000 0000
09e1 0000 0000 0000
0b08 0000 0000 0000
1b65 0000 0000 0000
1e97 0000 0000 03a3
1dc9 0000 0000 0000
128f 0000 0000 0000
0096 0000 0000 004d
0128 0000 0000 00be
0023 0000 0000 00a7
00d0 0000 0000 0128
0000 0000 0000 00dc
0766 0000 0000 0000
18ea 1e0e 0000 0000
2234 06d0 0000 0000
0000 0000 0a92 0000
0000 0000 0000 0000
0238 0143 0000 0000
018e 0354 0097 0000
0000 001d 013d 0000
0000 02ab 0000 0000
05f9 0000 0000 0000
0670 0000 0000 0000
06b9 0000 0000 0000
0214 0000 0000 0000
0000 0000 0345 0000
0000 0000 02af 0000
0000 01f5 0000 0000
0bb1 0523 0000 0000
0a62 0000 0000 0000
01d1 0000 0000 0000
028c 0000 0000 0000
03d3 0284 0000 0000
0240 0000 0000 0000
0a12 0000 0000 0000
1bed 0000 0000 0000
1b34 0000 0000 0080
0116 0000 0000 007a
00df 0000 0000 001d
0174 0000 0000 0090
0238 0000 0000 00ba
0ac1 0000 0000 0000
1c7f 00d1 0000 0000
2564 0f55 0000 0000
1bbe 02e5 0000 0000
0000 0000 073e 0000
0000 0000 0000 0000
0557 0000 0000 0000
0073 00f4 0000 0000
0000 00eb 02ad 0000
0000 011f 0268 0000
0000 0000 02ac 0000
0000 0000 0290 0000
0000 0000 0355 0000
0000 0000 04dd 0000
0000 0000 03ba 0000
0000 0000 0000 0000
08bc 07ab 0000 0000
0c4c 0276 0000 0000
0826 0000 0000 0000
04db 0000 0000 0000
049e 0000 0000 0000
04ca 0000 0000 0000
02b8 02b8 00f2 0000
0000 0000 0000 0000
0456 0000 0000 0000
0c2c 0000 0000 0000
