0.0000000000000000 0.0000000000000000 0.0000000000000000 0.0000000000000000
0.0000000000000000 0.0000000000000000 0.0000000000000000 0.0000000000000000
0.0000000000000000 0.0000000000000000 0.0000000000000000 0.0000000000000000
0.0000000000000000 0.0000000000000000 0.0000000000000000 0.0000000000000000
0.1062295610852102 0.0625236670687503 0.0000000000000000 0.0000000000000000
0.2340234356621903 0.2810064831858172 0.0000000000000000 0.0000000000000000
0.3386377846931709 0.1180595334619283 0.0000000000000000 0.0000000000000000
0.1299841351807117 0.0000000000000000 0.0000000000000000 0.0000000000000000
0.0516371875270909 0.0000000000000000 0.0000000000000000 0.0000000000000000
0.0000000000000000 0.0000000000000000 0.0203611714217593 0.0000000000000000
0.0000000000000000 0.0000000000000000 0.0661279967237337 0.0000000000000000
0.0000000000000000 0.0000000000000000 0.0638721257082972 0.0000000000000000
0.0000000000000000 0.0000000000000000 0.0853200776758147 0.0000000000000000
0.0000000000000000 0.0000000000000000 0.0740674032373171 0.0000000000000000
0.0000000000000000 0.0000000000000000 0.0330334717517390 0.0000000000000000
0.0000000000000000 0.0000000000000000 0.0041440706334862 0.0000000000000000
0.0113374407823179 0.0000000000000000 0.0000000000000000 0.0000000000000000
0.0429676370731756 0.0000000000000000 0.0000000000000000 0.0000000000000000
0.1070497591559794 0.0000000000000000 0.0000000000000000 0.0000000000000000
0.2375713032688581 0.0000000000000000 0.0000000000000000 0.0000000000000000
0.3000902092778216 0.0000000000000000 0.0000000000000000 0.0000000000000000
0.2618159835099004 0.0000000000000000 0.0000000000000000 0.0000000000000000
0.1903916859013192 0.0000000000000000 0.0000000000000000 0.0000000000000000
0.2105973664890316 0.0000000000000000 0.0000000000000000 0.0000000000000000
0.1771607265022456 0.0000000000000000 0.0000000000000000 0.0140465347278935
0.0000000000000000 0.0000000000000000 0.0000000000000000 0.0000000000000000
0.0136197513663302 0.0000000000000000 0.0000000000000000 0.0000000000000000
0.0121953289736720 0.0000000000000000 0.0000000000000000 0.0000000000000000
0.0134842982333081 0.0000000000000000 0.0000000000000000 0.0000000000000000
0.0200341782003056 0.0000000000000000 0.0000000000000000 0.0000000000000000
0.0000000000000000 0.0000000000000000 0.0000000000000000 0.0000000000000000
0.0000000000000000 0.0000000000000000 0.0000000000000000 0.0000000000000000
0.0000000000000000 0.0000000000000000 0.0000000000000000 0.0000000000000000
0.0000000000000000 0.0000000000000000 0.0000000000000000 0.0000000000000000
0.0659192062914372 0.1936837516798108 0.0000000000000000 0.0000000000000000
0.1673290726454820 0.3168288849805500 0.0000000000000000 0.0000000000000000
0.0733453957911800 0.1139206271034245 0.0189066117592886 0.0000000000000000
0.0353250953934941 0.0000000000000000 0.0249581215647506 0.0000000000000000
0.0000000000000000 0.0000000000000000 0.0679300191428731 0.0000000000000000
0.0000000000000000 0.0000000000000000 0.1293802761417978 0.0000000000000000
0.0000000000000000 0.0000000000000000 0.1313070138003312 0.0000000000000000
0.0000000000000000 0.0000000000000000 0.1371703105814317 0.0000000000000000
0.0000000000000000 0.0000000000000000 0.1249023885995734 0.0000000000000000
0.0000000000000000 0.0000000000000000 0.1167333912542638 0.0000000000000000
0.0000000000000000 0.0000000000000000 0.0993959518551243 0.0000000000000000
0.0000000000000000 0.0000000000000000 0.0713162005532022 0.0000000000000000
0.0000000000000000 0.0232544597092213 0.0680613600228932 0.0000000000000000
0.0000000000000000 0.0000000000000000 0.0790521762534684 0.0000000000000000
0.0000000000000000 0.0000000000000000 0.0321983085616547 0.0000000000000000
0.0000000000000000 0.0000000000000000 0.0000000000000000 0.0000000000000000
0.0854580236270147 0.0000000000000000 0.0000000000000000 0.0000000000000000
0.1256607152521610 0.0000000000000000 0.0000000000000000 0.0000000000000000
0.1605451590728526 0.0000000000000000 0.0000000000000000 0.0000000000000000
0.0655836824546842 0.0000000000000000 0.0000000000000000 0.0000000000000000
0.0912486257944623 0.0000000000000000 0.0000000000000000 0.0405766492764301
0.0994688087672580 0.0000000000000000 0.0000000000000000 0.0173859302885830
0.0285550978107780 0.0000000000000000 0.0000000000000000 0.0000000000000000
0.0119713279984744 0.0000000000000000 0.0000000000000000 0.0000000000000000
0.0201979295149738 0.0000000000000000 0.0000000000000000 0.0000000000000000
0.0118069533477813 0.0000000000000000 0.0000000000000000 0.0000000000000000
0.0000000000000000 0.0000000000000000 0.0000000000000000 0.0014337902760827
0.0000000000000000 0.0000000000000000 0.0000000000000000 0.0000000000000000
0.0000000000000000 0.0000000000000000 0.0000000000000000 0.0032932990084530
0.0000000000000000 0.0000000000000000 0.0000000000000000 0.0000000000000000
0.0563352973876045 0.1343863315076805 0.0000000000000000 0.0000000000000000
0.2058900906613058 0.3404326618521238 0.0000000000000000 0.0000000000000000
0.0908688145379225 0.0578978347792929 0.0770822363156899 0.0000000000000000
0.0000000000000000 0.0000000000000000 0.1326925550459647 0.0000000000000000
0.0000000000000000 0.0000000000000000 0.1152588126194828 0.0000000000000000
0.0000000000000000 0.0000000000000000 0.1163746666601476 0.0000000000000000
0.0000000000000000 0.0000000000000000 0.0802747683124800 0.0000000000000000
0.0000000000000000 0.0000000000000000 0.0652969919948601 0.0000000000000000
0.0000000000000000 0.0000000000000000 0.0421758784675131 0.0000000000000000
0.0000000000000000 0.0000000000000000 0.0472295308595195 0.0000000000000000
0.0000000000000000 0.0000000000000000 0.0585617415680021 0.0000000000000000
0.0000000000000000 0.0000000000000000 0.0671693406122572 0.0000000000000000
0.0000000000000000 0.0000000000000000 0.0858745845217331 0.0000000000000000
0.0000000000000000 0.0000000000000000 0.0806974950374341 0.0000000000000000
0.0000000000000000 0.0000000000000000 0.0928525317314209 0.0000000000000000
0.0000000000000000 0.0275099535710087 0.0809360899688566 0.0000000000000000
0.0000000000000000 0.0328711774784560 0.0313619809115634 0.0000000000000000
0.0000000000000000 0.0000000000000000 0.0000000000000000 0.0000000000000000
0.0629391983881885 0.0000000000000000 0.0000000000000000 0.0000000000000000
0.1309085036463597 0.0000000000000000 0.0000000000000000 0.0000000000000000
0.0000000000000000 0.0000000000000000 0.0431862232950973 0.0000000000000000
0.0069315296616040 0.0000000000000000 0.0000000000000000 0.0559345045857423
0.0000000000000000 0.0000000000000000 0.0000000000000000 0.0000000000000000
0.0000000000000000 0.0000000000000000 0.0000000000000000 0.0000000000000000
0.0000000000000000 0.0000000000000000 0.0000000000000000 0.0000000000000000
0.0032515558395900 0.0000000000000000 0.0000000000000000 0.0000000000000000
0.0000000000000000 0.0000000000000000 0.0000000000000000 0.0000000000000000
0.0000000000000000 0.0000000000000000 0.0000000000000000 0.0087277312744775
0.0000000000000000 0.0000000000000000 0.0000000000000000 0.0069436062054308
0.0924164552752878 0.0000000000000000 0.0000000000000000 0.0000000000000000
0.2863576279989645 0.0893557469123135 0.0000000000000000 0.0000000000000000
0.3624434009924823 0.1071243575171513 0.0000000000000000 0.0000000000000000
0.1399478221494778 0.0000000000000000 0.0772021736073144 0.0000000000000000
0.0000000000000000 0.0000000000000000 0.1255441550530639 0.0000000000000000
0.0000000000000000 0.0000000000000000 0.0474913839396893 0.0000000000000000
0.0000000000000000 0.0000000000000000 0.0088633307274066 0.0000000000000000
0.0000000000000000 0.0000000000000000 0.0000000000000000 0.0000000000000000
0.0000000000000000 0.0000000000000000 0.0000000000000000 0.0000000000000000
0.0002882813560027 0.0000000000000000 0.0000000000000000 0.0000000000000000
0.0007395872736678 0.0000000000000000 0.0000000000000000 0.0000000000000000
0.0000000000000000 0.0000000000000000 0.0000000000000000 0.0000000000000000
0.0000000000000000 0.0000000000000000 0.0000000000000000 0.0000000000000000
0.0000000000000000 0.0000000000000000 0.0108091456486898 0.0000000000000000
0.0000000000000000 0.0000000000000000 0.0000000000000000 0.0000000000000000
0.0000000000000000 0.0000000000000000 0.0242529308971237 0.0000000000000000
0.0000000000000000 0.0000000000000000 0.0278666307309679 0.0000000000000000
0.0000000000000000 0.0480645856071337 0.0483085837945635 0.0000000000000000
0.0000000000000000 0.0580870984450859 0.0193898168629875 0.0000000000000000
0.0000000000000000 0.0000000000000000 0.0000000000000000 0.0000000000000000
0.1054894898890281 0.0000000000000000 0.0000000000000000 0.0000000000000000
0.0420374466361952 0.0000000000000000 0.1386412768606462 0.0011069163680076
0.0000000000000000 0.0000000000000000 0.0000000000000000 0.0813344336662660
0.0000000000000000 0.0000000000000000 0.0000000000000000 0.0000000000000000
0.0000000000000000 0.0000000000000000 0.0000000000000000 0.0000000000000000
0.0000000000000000 0.0000000000000000 0.0000000000000000 0.0000000000000000
0.0000000000000000 0.0000000000000000 0.0000000000000000 0.0000000000000000
0.0000000000000000 0.0000000000000000 0.0000000000000000 0.0025999511025993
0.0000000000000000 0.0000000000000000 0.0000000000000000 0.0061843196897969
0.0604700015894338 0.0000000000000000 0.0000000000000000 0.0000000000000000
0.2877275806285587 0.0305676786703806 0.0000000000000000 0.0000000000000000
0.4667214444893247 0.0802158928019743 0.0000000000000000 0.0000000000000000
0.3397260219296989 0.0000000000000000 0.0000000000000000 0.0000000000000000
0.0019389212569770 0.0000000000000000 0.0412643013923776 0.0000000000000000
0.0000000000000000 0.0000000000000000 0.0469803077698338 0.0000000000000000
0.0000000000000000 0.0000000000000000 0.0000000000000000 0.0000000000000000
0.0132512311578966 0.0000000000000000 0.0000000000000000 0.0000000000000000
0.0240582905417564 0.0000000000000000 0.0000000000000000 0.0000000000000000
0.0182694049296426 0.0000000000000000 0.0000000000000000 0.0000000000000000
0.0069559100065746 0.0000000000000000 0.0000000000000000 0.0000000000000000
0.0107079540251518 0.0000000000000000 0.0000000000000000 0.0000000000000000
0.0194838363019860 0.0000000000000000 0.0000000000000000 0.0000000000000000
0.0208242006599903 0.0000000000000000 0.0000000000000000 0.0000000000000000
0.0044702715587382 0.0000000000000000 0.0000000000000000 0.0000000000000000
0.0061066675273811 0.0000000000000000 0.0000000000000000 0.0000000000000000
0.0149477836986381 0.0000000000000000 0.0000000000000000 0.0000000000000000
0.0025673809443034 0.0000000000000000 0.0000000000000000 0.0000000000000000
0.0000000000000000 0.0000000000000000 0.0099793559926398 0.0000000000000000
0.0000000000000000 0.1150180442149149 0.0000000000000000 0.0000000000000000
0.0000000000000000 0.1046870878441077 0.0072678053861156 0.0000000000000000
0.0193845509752339 0.0000000000000000 0.0000000000000000 0.0000000000000000
0.0000000000000000 0.0000000000000000 0.1943942233116604 0.0046854296370464
0.0000000000000000 0.0000000000000000 0.0000000000000000 0.1084937156853722
0.0000000000000000 0.0000000000000000 0.0000000000000000 0.0000000000000000
0.0000000000000000 0.0000000000000000 0.0000000000000000 0.0000000000000000
0.0000000000000000 0.0000000000000000 0.0000000000000000 0.0000000000000000
0.0000000000000000 0.0000000000000000 0.0000000000000000 0.0000000000000000
0.0000000000000000 0.0000000000000000 0.0000000000000000 0.0142062276528747
0.0000000000000000 0.0000000000000000 0.0000000000000000 0.0000000000000000
0.1297453334372417 0.0530339323057264 0.0000000000000000 0.0000000000000000
0.3012835370997586 0.2098570886707189 0.0000000000000000 0.0000000000000000
0.3902160147095428 0.0608439023369084 0.0000000000000000 0.0000000000000000
0.0755089756758774 0.0000000000000000 0.0959072605067608 0.0000000000000000
0.0000000000000000 0.0000000000000000 0.0000000000000000 0.0000000000000000
0.0000000000000000 0.0000000000000000 0.0000000000000000 0.0000000000000000
0.0046562683202473 0.0000000000000000 0.0000000000000000 0.0000000000000000
0.0018829553004574 0.0000000000000000 0.0000000000000000 0.0000000000000000
0.0230729240266715 0.0000000000000000 0.0000000000000000 0.0000000000000000
0.0301470391160133 0.0000000000000000 0.0000000000000000 0.0000000000000000
0.0132660011888718 0.0000000000000000 0.0000000000000000 0.0000000000000000
0.0074114610605380 0.0000000000000000 0.0000000000000000 0.0000000000000000
0.0216819940098361 0.0000000000000000 0.0000000000000000 0.0000000000000000
0.0077579298294058 0.0000000000000000 0.0000000000000000 0.0000000000000000
0.0126468799131759 0.0000000000000000 0.0000000000000000 0.0000000000000000
0.0000000000000000 0.0000000000000000 0.0000000000000000 0.0000000000000000
0.0166008815899784 0.0000000000000000 0.0000000000000000 0.0000000000000000
0.0000000000000000 0.0000000000000000 0.0000000000000000 0.0000000000000000
0.0016354537915950 0.0000000000000000 0.0000000000000000 0.0000000000000000
0.0224453207178443 0.0889710840714329 0.0000000000000000 0.0000000000000000
0.0663081904690640 0.1442729247478293 0.0000000000000000 0.0000000000000000
0.0344916140770212 0.0000000000000000 0.0117658771209273 0.0000000000000000
0.0000000000000000 0.0000000000000000 0.2542671463434018 0.0000000000000000
0.0000000000000000 0.0000000000000000 0.0000000000000000 0.1325545064757997
0.0000000000000000 0.0000000000000000 0.0000000000000000 0.0000000000000000
0.0000000000000000 0.0000000000000000 0.0000000000000000 0.0000000000000000
0.0000000000000000 0.0000000000000000 0.0000000000000000 0.0000000000000000
0.0000000000000000 0.0000000000000000 0.0000000000000000 0.0000000000000000
0.0000000000000000 0.0000000000000000 0.0000000000000000 0.0092312165243807
0.0150545870410461 0.0000000000000000 0.0000000000000000 0.0020967005277235
0.1487943846074974 0.2636742596459740 0.0000000000000000 0.0000000000000000
0.2817901590729460 0.2491625260853885 0.0000000000000000 0.0000000000000000
0.1840921267428819 0.0000000000000000 0.0000000000000000 0.0000000000000000
0.0000000000000000 0.0000000000000000 0.0993942345474281 0.0000000000000000
0.0000000000000000 0.0000000000000000 0.0000000000000000 0.0000000000000000
0.0036112152916544 0.0000000000000000 0.0000000000000000 0.0000000000000000
0.0218265443309850 0.0000000000000000 0.0000000000000000 0.0000000000000000
0.0161691303200581 0.0000000000000000 0.0000000000000000 0.0000000000000000
0.0064207838300396 0.0000000000000000 0.0000000000000000 0.0000000000000000
0.0000000000000000 0.0000000000000000 0.0000000000000000 0.0000000000000000
0.0000000000000000 0.0000000000000000 0.0000000000000000 0.0000000000000000
0.0000000000000000 0.0000000000000000 0.0000000000000000 0.0000000000000000
0.0000000000000000 0.0000000000000000 0.0000000000000000 0.0000000000000000
0.0064509677974618 0.0000000000000000 0.0000000000000000 0.0000000000000000
0.0125627791034240 0.0000000000000000 0.0000000000000000 0.0000000000000000
0.0000000000000000 0.0000000000000000 0.0000000000000000 0.0000000000000000
0.0075838181171932 0.0000000000000000 0.0000000000000000 0.0000000000000000
0.0087617324701713 0.0000000000000000 0.0000000000000000 0.0000000000000000
0.0255137934842531 0.0000000000000000 0.0000000000000000 0.0000000000000000
0.0449333945179687 0.0458224668733629 0.0000000000000000 0.0000000000000000
0.1044934861654160 0.1435430110158289 0.0000000000000000 0.0000000000000000
0.0754038070200705 0.0068412516266107 0.0019189657460825 0.0000000000000000
0.0000000000000000 0.0000000000000000 0.2585775408382510 0.0083697958338056
0.0000000000000000 0.0000000000000000 0.0000000000000000 0.1371197778658539
0.0000000000000000 0.0000000000000000 0.0000000000000000 0.0000000000000000
0.0050058436013902 0.0000000000000000 0.0000000000000000 0.0000000000000000
0.0000000000000000 0.0000000000000000 0.0000000000000000 0.0000000000000000
0.0049755689998468 0.0000000000000000 0.0000000000000000 0.0000000000000000
0.0000000000000000 0.0000000000000000 0.0000000000000000 0.0100226838488643
0.0000000000000000 0.0000000000000000 0.0000000000000000 0.0000000000000000
0.0763526238501070 0.3715407943827849 0.0000000000000000 0.0000000000000000
0.2104927037714742 0.3063080396357121 0.0000000000000000 0.0000000000000000
0.0875026353287930 0.0000000000000000 0.0160966800781442 0.0000000000000000
0.0000000000000000 0.0000000000000000 0.0801825166259911 0.0000000000000000
0.0000000000000000 0.0000000000000000 0.0000000000000000 0.0000000000000000
0.0212098728061891 0.0000000000000000 0.0000000000000000 0.0000000000000000
0.0078276706530767 0.0000000000000000 0.0000000000000000 0.0000000000000000
0.0000000000000000 0.0000000000000000 0.0000000000000000 0.0000000000000000
0.0000000000000000 0.0000000000000000 0.0000000000000000 0.0000000000000000
0.0000000000000000 0.0000000000000000 0.0000000000000000 0.0000000000000000
0.0000000000000000 0.0000000000000000 0.0000000000000000 0.0000000000000000
0.0274765308435057 0.0000000000000000 0.0000000000000000 0.0000000000000000
0.0137610202180403 0.0000000000000000 0.0000000000000000 0.0000000000000000
0.0110255694126381 0.0000000000000000 0.0000000000000000 0.0000000000000000
0.0024649748469100 0.0000000000000000 0.0000000000000000 0.0000000000000000
0.0232797778558499 0.0000000000000000 0.0000000000000000 0.0000000000000000
0.0263731940558144 0.0000000000000000 0.0000000000000000 0.0000000000000000
0.0326488903778441 0.0000000000000000 0.0000000000000000 0.0000000000000000
0.0106302283996461 0.0000000000000000 0.0000000000000000 0.0000000000000000
0.0070796618128524 0.0360005912754465 0.0000000000000000 0.0000000000000000
0.0718828282958152 0.1755502662895357 0.0000000000000000 0.0000000000000000
0.0230522875546240 0.0298621785918287 0.0479978316481791 0.0000000000000000
0.0000000000000000 0.0000000000000000 0.2679956305991201 0.0109082325361669
0.0000000000000000 0.0000000000000000 0.0000000000000000 0.1321456244051018
0.0000000000000000 0.0000000000000000 0.0000000000000000 0.0000000000000000
0.0067048787340228 0.0000000000000000 0.0000000000000000 0.0000000000000000
0.0046237947163628 0.0000000000000000 0.0000000000000000 0.0000000000000000
0.0000000000000000 0.0000000000000000 0.0000000000000000 0.0000000000000000
0.0000000000000000 0.0000000000000000 0.0000000000000000 0.0179671786871611
0.0000000000000000 0.0000000000000000 0.0000000000000000 0.0048611736253781
0.0708820556162620 0.3733660459737567 0.0000000000000000 0.0000000000000000
0.1746680977151675 0.3236676313202171 0.0000000000000000 0.0000000000000000
0.0536776937544346 0.0000000000000000 0.0354055459592856 0.0000000000000000
0.0000000000000000 0.0000000000000000 0.0977076340174558 0.0000000000000000
0.0000000000000000 0.0000000000000000 0.0000000000000000 0.0000000000000000
0.0259011403456621 0.0000000000000000 0.0000000000000000 0.0000000000000000
0.0562036844883479 0.0000000000000000 0.0000000000000000 0.0000000000000000
0.0643819940879064 0.0000000000000000 0.0000000000000000 0.0000000000000000
0.0745445495580926 0.0000000000000000 0.0000000000000000 0.0000000000000000
0.0579381152549211 0.0000000000000000 0.0000000000000000 0.0000000000000000
0.0464127117950542 0.0000000000000000 0.0000000000000000 0.0000000000000000
0.0241386627887978 0.0000000000000000 0.0000000000000000 0.0000000000000000
0.0394447612265746 0.0000000000000000 0.0000000000000000 0.0000000000000000
0.0502964248698131 0.0000000000000000 0.0000000000000000 0.0000000000000000
0.1136335346482548 0.0000000000000000 0.0000000000000000 0.0000000000000000
0.2222437632288418 0.0000000000000000 0.0000000000000000 0.0000000000000000
0.3422813972275630 0.0000000000000000 0.0000000000000000 0.0000000000000000
0.3322561116049103 0.0000000000000000 0.0000000000000000 0.0000000000000000
0.2871371709686869 0.0000000000000000 0.0000000000000000 0.0000000000000000
0.1948025195475887 0.0000000000000000 0.0000000000000000 0.0000000000000000
0.1325727568391491 0.1035321440693795 0.0000000000000000 0.0000000000000000
0.0000000000000000 0.0000000000000000 0.2553007497945253 0.0000000000000000
0.0000000000000000 0.0000000000000000 0.2774654605663290 0.0139945026012321
0.0000000000000000 0.0000000000000000 0.0022055682817509 0.0940916187933409
0.0000000000000000 0.0000000000000000 0.0000000000000000 0.0000000000000000
0.0000000000000000 0.0000000000000000 0.0000000000000000 0.0000000000000000
0.0000000000000000 0.0000000000000000 0.0000000000000000 0.0000000000000000
0.0012133062324102 0.0000000000000000 0.0000000000000000 0.0000000000000000
0.0000000000000000 0.0000000000000000 0.0000000000000000 0.0192472189482230
0.0000000000000000 0.0000000000000000 0.0000000000000000 0.0223072809203729
0.0042833381277674 0.2833079083658318 0.0000000000000000 0.0000000000000000
0.0122119839723204 0.4110895491771254 0.0584513995869487 0.0000000000000000
0.0000000000000000 0.1728117415791049 0.1211652016376748 0.0000000000000000
0.0000000000000000 0.0000000000000000 0.1479841912567031 0.0000000000000000
0.0094584384239188 0.0000000000000000 0.0000000000000000 0.0000000000000000
0.1675230630326505 0.0000000000000000 0.0000000000000000 0.0000000000000000
0.2784752175357997 0.0000000000000000 0.0000000000000000 0.0000000000000000
0.2631046076469561 0.0000000000000000 0.0000000000000000 0.0000000000000000
0.2381025465534015 0.0000000000000000 0.0000000000000000 0.0000000000000000
0.1897911383094741 0.0000000000000000 0.0000000000000000 0.0000000000000000
0.1464695218000927 0.0000000000000000 0.0000000000000000 0.0000000000000000
0.0836831160474059 0.0000000000000000 0.0000000000000000 0.0000000000000000
0.0577940480820105 0.0000000000000000 0.0000000000000000 0.0000000000000000
0.1108174478160400 0.0000000000000000 0.0000000000000000 0.0000000000000000
0.1738110921984794 0.0000000000000000 0.0000000000000000 0.0000000000000000
0.2072123786251920 0.0000000000000000 0.0000000000000000 0.0000000000000000
0.1362778779776657 0.0000000000000000 0.0000000000000000 0.0000000000000000
0.1081245097313441 0.0000000000000000 0.0000000000000000 0.0000000000000000
0.0855553837821764 0.0000000000000000 0.0000000000000000 0.0000000000000000
0.0539227742628725 0.0000000000000000 0.0000000000000000 0.0000000000000000
0.0704076364782510 0.1353430870336060 0.0000000000000000 0.0000000000000000
0.0000000000000000 0.0000000000000000 0.3553343711603506 0.0000000000000000
0.0000000000000000 0.0000000000000000 0.1353442882936375 0.1059018831426168
0.0000000000000000 0.0000000000000000 0.0115126435663185 0.0219880256637494
0.0010892608440390 0.0000000000000000 0.0000000000000000 0.0000000000000000
0.0125007272789291 0.0000000000000000 0.0000000000000000 0.0000000000000000
0.0000000000000000 0.0000000000000000 0.0000000000000000 0.0000000000000000
0.0041957176053056 0.0000000000000000 0.0000000000000000 0.0000000000000000
0.0000000000000000 0.0000000000000000 0.0000000000000000 0.0228434613284966
0.0000000000000000 0.0000000000000000 0.0000000000000000 0.0201326247505552
0.0000000000000000 0.0184290499006416 0.0000000000000000 0.0000000000000000
0.0093209693683128 0.3925005088030707 0.0000000000000000 0.0000000000000000
0.0000000000000000 0.2522089469885710 0.0849819001540834 0.0000000000000000
0.0000000000000000 0.0000000000000000 0.1450134094731480 0.0000000000000000
0.0069054433966385 0.0000000000000000 0.0000000000000000 0.0000000000000000
0.1405056530207979 0.0000000000000000 0.0000000000000000 0.0000000000000000
0.0723467985058532 0.0000000000000000 0.0000000000000000 0.0000000000000000
0.0758564607623746 0.0000000000000000 0.0000000000000000 0.0000000000000000
0.0818463812125664 0.0000000000000000 0.0000000000000000 0.0000000000000000
0.0906729014334725 0.0000000000000000 0.0000000000000000 0.0000000000000000
0.0646870944868115 0.0000000000000000 0.0000000000000000 0.0000000000000000
0.0724984377476516 0.0000000000000000 0.0000000000000000 0.0000000000000000
0.0638418615886978 0.0000000000000000 0.0000000000000000 0.0000000000000000
0.0850263859565352 0.0000000000000000 0.0000000000000000 0.0000000000000000
0.1118740604642559 0.0472164151642253 0.0000000000000000 0.0000000000000000
0.1296616630665227 0.0000000000000000 0.0000000000000000 0.0000000000000000
0.0370548117832811 0.0000000000000000 0.0269173427174489 0.0000000000000000
0.0000000000000000 0.0000000000000000 0.0000000000000000 0.0000000000000000
0.0000000000000000 0.0000000000000000 0.0519173201246588 0.0000000000000000
0.0000000000000000 0.0000000000000000 0.0468122690916062 0.0000000000000000
0.0000000000000000 0.0834788819957597 0.0000000000000000 0.0000000000000000
0.0000000000000000 0.0000000000000000 0.3200989626859333 0.0000000000000000
0.0000000000000000 0.0000000000000000 0.0000000000000000 0.1254678349704573
0.0000000000000000 0.0000000000000000 0.0000000000000000 0.0000000000000000
0.0100012595600942 0.0000000000000000 0.0000000000000000 0.0000000000000000
0.0000000000000000 0.0000000000000000 0.0000000000000000 0.0000000000000000
0.0189022837754559 0.0000000000000000 0.0000000000000000 0.0000000000000000
0.0053470314571671 0.0000000000000000 0.0000000000000000 0.0000000000000000
0.0000000000000000 0.0000000000000000 0.0000000000000000 0.0223284137727437
0.0000000000000000 0.0000000000000000 0.0000000000000000 0.0201839863925295
0.0000000000000000 0.0000000000000000 0.0000000000000000 0.0195959575876009
0.0862664655581410 0.3574579132172991 0.0000000000000000 0.0000000000000000
0.1996502600318078 0.3379422438714434 0.0000000000000000 0.0000000000000000
0.0054266567761993 0.0000000000000000 0.1950969099852385 0.0000000000000000
0.0000000000000000 0.0000000000000000 0.0000000000000000 0.0000000000000000
0.0066291604410200 0.0863230228643207 0.0336417998242028 0.0000000000000000
0.0000000000000000 0.0000000000000000 0.0000000000000000 0.0000000000000000
0.0747885506965366 0.0000000000000000 0.0000000000000000 0.0000000000000000
0.1448996664700554 0.0000000000000000 0.0000000000000000 0.0000000000000000
0.1140912418125891 0.0000000000000000 0.0000000000000000 0.0000000000000000
0.0637941754185685 0.0000000000000000 0.0000000000000000 0.0000000000000000
0.0308747010342046 0.0000000000000000 0.0000000000000000 0.0000000000000000
0.0092208942215817 0.0000000000000000 0.0000000000000000 0.0000000000000000
0.0446195172766845 0.0290137772685757 0.0000000000000000 0.0000000000000000
0.1228421012998796 0.0428851504171011 0.0000000000000000 0.0000000000000000
0.0961312600064511 0.0000000000000000 0.0000000000000000 0.0000000000000000
0.1066767096957740 0.0000000000000000 0.0000000000000000 0.0000000000000000
0.1031622376365989 0.0000000000000000 0.0000000000000000 0.0000000000000000
0.0204554855677427 0.0000000000000000 0.0000000000000000 0.0000000000000000
0.0000000000000000 0.0000000000000000 0.0324512305432090 0.0000000000000000
0.0042029941052783 0.0000000000000000 0.0000000000000000 0.0000000000000000
0.0000000000000000 0.0000000000000000 0.2199971786535838 0.0000000000000000
0.0000000000000000 0.0000000000000000 0.0000000000000000 0.0963169102319608
0.0307795380114340 0.0000000000000000 0.0000000000000000 0.0000000000000000
0.0000000000000000 0.0000000000000000 0.0000000000000000 0.0000000000000000
0.0000000000000000 0.0000000000000000 0.0000000000000000 0.0000000000000000
0.0000000000000000 0.0000000000000000 0.0000000000000000 0.0000000000000000
0.0000000000000000 0.0000000000000000 0.0000000000000000 0.0000000000000000
0.0000000000000000 0.0000000000000000 0.0000000000000000 0.0182774692572945
0.0000000000000000 0.0000000000000000 0.0000000000000000 0.0242701690333585
0.0000000000000000 0.0000000000000000 0.0000000000000000 0.0269391945435428
0.0485316941405044 0.3148226435058841 0.0000000000000000 0.0000000000000000
0.1159224159431224 0.3771166429727101 0.0014438836232704 0.0000000000000000
0.0000000000000000 0.0000000000000000 0.2746782103224712 0.0000000000000000
0.0000000000000000 0.0000000000000000 0.0000000000000000 0.0000000000000000
0.0355861043667092 0.0000000000000000 0.0000000000000000 0.0000000000000000
0.0893380403372587 0.0425671954000113 0.0000000000000000 0.0000000000000000
0.0902045222327989 0.0544950799249551 0.0000000000000000 0.0000000000000000
0.0960337000588575 0.0000000000000000 0.0000000000000000 0.0000000000000000
0.0499452104609387 0.0000000000000000 0.0000000000000000 0.0000000000000000
0.0000000000000000 0.0000000000000000 0.0337827246928332 0.0000000000000000
0.0336983820825230 0.0000000000000000 0.0000000000000000 0.0000000000000000
0.0000000000000000 0.0000000000000000 0.0000000000000000 0.0000000000000000
0.0532249396776451 0.0396745815361832 0.0000000000000000 0.0000000000000000
0.0472618944358592 0.0761551948373809 0.0000000000000000 0.0000000000000000
0.0368190767572207 0.0185510694907576 0.0146381702127995 0.0000000000000000
0.0000000000000000 0.0000000000000000 0.0328376762349816 0.0000000000000000
0.0000000000000000 0.0000000000000000 0.0839783965664752 0.0000000000000000
0.0000000000000000 0.0000000000000000 0.0000000000000000 0.0000000000000000
0.0000000000000000 0.0000000000000000 0.0509291494520856 0.0000000000000000
0.0000000000000000 0.0000000000000000 0.0000000000000000 0.0000000000000000
0.0000000000000000 0.0000000000000000 0.1300175650958338 0.0012431327892723
0.0000000000000000 0.0000000000000000 0.0000000000000000 0.0588109574371985
0.0000000000000000 0.0000000000000000 0.0000000000000000 0.0000907120203563
0.0000000000000000 0.0000000000000000 0.0000000000000000 0.0000000000000000
0.0027946438129042 0.0000000000000000 0.0000000000000000 0.0000000000000000
0.0000000000000000 0.0000000000000000 0.0000000000000000 0.0000000000000000
0.0076312377610629 0.0000000000000000 0.0000000000000000 0.0000000000000000
0.0000000000000000 0.0000000000000000 0.0000000000000000 0.0267656977251902
0.0000000000000000 0.0000000000000000 0.0000000000000000 0.0233230229978468
0.0000000000000000 0.0000000000000000 0.0000000000000000 0.0273201066525835
0.0000000000000000 0.1407011080387175 0.0000000000000000 0.0000000000000000
0.0000000000000000 0.3939638396469401 0.0417420516995822 0.0000000000000000
0.0000000000000000 0.0000000000000000 0.3157681546667043 0.0000000000000000
0.0000000000000000 0.0000000000000000 0.0000000000000000 0.0000000000000000
0.0514286619629346 0.0000000000000000 0.0324397286948035 0.0000000000000000
0.0000000000000000 0.1158828884728399 0.0000000000000000 0.0000000000000000
0.0000000000000000 0.1139954425175400 0.0786075876550932 0.0000000000000000
0.0000000000000000 0.0000000000000000 0.1298157221108091 0.0000000000000000
0.0000000000000000 0.0000000000000000 0.0077868042769385 0.0000000000000000
0.0000000000000000 0.0000000000000000 0.1282485139282311 0.0000000000000000
0.0000000000000000 0.0000000000000000 0.0000000000000000 0.0000000000000000
0.0000000000000000 0.0000000000000000 0.0000000000000000 0.0000000000000000
0.0000000000000000 0.0501973472316476 0.0000000000000000 0.0000000000000000
0.0000000000000000 0.0433305538533365 0.0385704685367790 0.0000000000000000
0.0000000000000000 0.0109993001336560 0.0790288591866985 0.0000000000000000
0.0000000000000000 0.0000000000000000 0.0937419961699669 0.0000000000000000
0.0000000000000000 0.0000000000000000 0.0996535370455068 0.0000000000000000
0.0000000000000000 0.0000000000000000 0.0000000000000000 0.0000000000000000
0.0000000000000000 0.0000000000000000 0.0558087271875611 0.0000000000000000
0.0000000000000000 0.0000000000000000 0.0000192728916220 0.0000000000000000
0.0000000000000000 0.0000000000000000 0.1162289324563509 0.0026124189096485
0.0000000000000000 0.0000000000000000 0.0000000000000000 0.0673647541351909
0.0000000000000000 0.0000000000000000 0.0000000000000000 0.0000000000000000
0.0108597747105010 0.0000000000000000 0.0000000000000000 0.0000000000000000
0.0016290851521726 0.0000000000000000 0.0000000000000000 0.0000000000000000
0.0118872445441928 0.0000000000000000 0.0000000000000000 0.0000000000000000
0.0000000000000000 0.0000000000000000 0.0000000000000000 0.0000000000000000
0.0000000000000000 0.0000000000000000 0.0000000000000000 0.0237802007399938
0.0000000000000000 0.0000000000000000 0.0000000000000000 0.0294570315556199
0.0000000000000000 0.0000000000000000 0.0000000000000000 0.0318169764699596
0.0000000000000000 0.0000000000000000 0.0000000000000000 0.0000000000000000
0.0000000000000000 0.2442857834857468 0.0416325180919146 0.0000000000000000
0.0000000000000000 0.0000000000000000 0.2332133841207800 0.0000000000000000
0.0000000000000000 0.0829968038654210 0.0224779986210314 0.0000000000000000
0.0212800268887303 0.0000000000000000 0.0426106172376403 0.0000000000000000
0.0000000000000000 0.0305895166873348 0.0000000000000000 0.0000000000000000
0.0000000000000000 0.0513283211153512 0.0620684182746153 0.0000000000000000
0.0000000000000000 0.0000000000000000 0.0977059389300206 0.0000000000000000
0.0000000000000000 0.0000000000000000 0.0621011933129208 0.0000000000000000
0.0000000000000000 0.0000000000000000 0.1355362670313494 0.0000000000000000
0.0000000000000000 0.0000000000000000 0.0032463735152109 0.0000000000000000
0.0000000000000000 0.0000000000000000 0.0011390577344334 0.0000000000000000
0.0000000000000000 0.0000000000000000 0.0000000000000000 0.0000000000000000
0.0000000000000000 0.0095388286473120 0.0405997708366782 0.0000000000000000
0.0000000000000000 0.0000000000000000 0.0857694233238113 0.0000000000000000
0.0000000000000000 0.0000000000000000 0.0440891725467701 0.0000000000000000
0.0000000000000000 0.0000000000000000 0.0511968880526575 0.0000000000000000
0.0000000000000000 0.0000000000000000 0.0215805689785995 0.0000000000000000
0.0000000000000000 0.0000000000000000 0.0000000000000000 0.0000000000000000
0.0000000000000000 0.0000000000000000 0.0000000000000000 0.0000000000000000
0.0000000000000000 0.0000000000000000 0.1206443173043870 0.0098335724488339
0.0000000000000000 0.0000000000000000 0.0000000000000000 0.0849023374053193
0.0000000000000000 0.0000000000000000 0.0000000000000000 0.0000000000000000
0.0203132868835739 0.0000000000000000 0.0000000000000000 0.0000000000000000
0.0094729778667292 0.0000000000000000 0.0000000000000000 0.0000000000000000
0.0049329342649264 0.0000000000000000 0.0000000000000000 0.0000000000000000
0.0095600438906865 0.0000000000000000 0.0000000000000000 0.0000000000000000
0.0000000000000000 0.0000000000000000 0.0000000000000000 0.0224257421478922
0.0000000000000000 0.0000000000000000 0.0000000000000000 0.0311959058356781
0.0000000000000000 0.0000000000000000 0.0000000000000000 0.0309824124599496
0.0000000000000000 0.0000000000000000 0.0000000000000000 0.0297188193756430
0.0000000000000000 0.0000000000000000 0.0000000000000000 0.0000000000000000
0.0082143748361691 0.0641126445184151 0.0000000000000000 0.0000000000000000
0.0000000000000000 0.0469503276561405 0.0135934272671447 0.0000000000000000
0.0422926310084615 0.0000000000000000 0.0000000000000000 0.0000000000000000
0.0000000000000000 0.0000000000000000 0.0000000000000000 0.0000000000000000
0.0334032770319311 0.0000000000000000 0.0018102790137717 0.0000000000000000
0.0000000000000000 0.0000000000000000 0.0340697753151842 0.0000000000000000
0.0000000000000000 0.0000000000000000 0.0929679388509077 0.0000000000000000
0.0000000000000000 0.0000000000000000 0.0704305061741787 0.0000000000000000
0.0000000000000000 0.0000000000000000 0.0000000000000000 0.0000000000000000
0.0057275541711087 0.0000000000000000 0.0000000000000000 0.0000000000000000
0.0000000000000000 0.0000000000000000 0.0000000000000000 0.0000000000000000
0.0000000000000000 0.0000000000000000 0.0000000000000000 0.0000000000000000
0.0000000000000000 0.0000000000000000 0.0186272779881369 0.0000000000000000
0.0000000000000000 0.0000000000000000 0.0103582738223029 0.0000000000000000
0.0000000000000000 0.0000000000000000 0.0114288669152588 0.0000000000000000
0.0000000000000000 0.0000000000000000 0.0000000000000000 0.0000000000000000
0.0159395225930448 0.0000000000000000 0.0000000000000000 0.0000000000000000
0.0405162684327248 0.0000000000000000 0.0000000000000000 0.0000000000000000
0.0000000000000000 0.0000000000000000 0.1252434135652057 0.0169835063007971
0.0000000000000000 0.0000000000000000 0.0000000000000000 0.0856573715806008
0.0079658294279202 0.0000000000000000 0.0000000000000000 0.0000000000000000
0.0000000000000000 0.0000000000000000 0.0000000000000000 0.0000000000000000
0.0090710373339700 0.0000000000000000 0.0000000000000000 0.0000000000000000
0.0159032859492536 0.0000000000000000 0.0000000000000000 0.0000000000000000
0.0157698198130317 0.0000000000000000 0.0000000000000000 0.0000000000000000
0.0000000000000000 0.0000000000000000 0.0000000000000000 0.0201073100662553
0.0000000000000000 0.0000000000000000 0.0000000000000000 0.0268768380487374
0.0000000000000000 0.0000000000000000 0.0000000000000000 0.0347083948443041
0.0000000000000000 0.0000000000000000 0.0000000000000000 0.0317897556513986
0.0000000000000000 0.0000000000000000 0.0000000000000000 0.0148223778525112
0.0469957550220630 0.1128159823297869 0.0000000000000000 0.0000000000000000
0.0857369953949078 0.0662422687764846 0.0000000000000000 0.0000000000000000
0.0433630747976256 0.0000000000000000 0.0000000000000000 0.0000000000000000
0.0278668376014512 0.0000000000000000 0.0000000000000000 0.0000000000000000
0.0195499690578265 0.0000000000000000 0.0000000000000000 0.0000000000000000
0.0000000000000000 0.0000000000000000 0.0000000000000000 0.0000000000000000
0.0000000000000000 0.0000000000000000 0.0266917915832179 0.0000000000000000
0.0000000000000000 0.0000000000000000 0.0000000000000000 0.0000000000000000
0.0123688230765800 0.0000000000000000 0.0000000000000000 0.0000000000000000
0.0333681423144012 0.0000000000000000 0.0000000000000000 0.0000000000000000
0.0086716616708859 0.0000000000000000 0.0000000000000000 0.0000000000000000
0.0020832467166817 0.0000000000000000 0.0000000000000000 0.0000000000000000
0.0158394565038821 0.0000000000000000 0.0000000000000000 0.0000000000000000
0.0165107291557041 0.0000000000000000 0.0000000000000000 0.0000000000000000
0.0298230814437072 0.0000000000000000 0.0000000000000000 0.0000000000000000
0.0155899897363840 0.0000000000000000 0.0000000000000000 0.0000000000000000
0.0244810720723050 0.0000000000000000 0.0000000000000000 0.0000000000000000
0.0508430833179577 0.0000000000000000 0.0000000000000000 0.0000000000000000
0.0000000000000000 0.0000000000000000 0.1151363378135012 0.0177513120440292
0.0000000000000000 0.0000000000000000 0.0000000000000000 0.0860311732663974
0.0126989157030396 0.0000000000000000 0.0000000000000000 0.0000000000000000
0.0157043345272542 0.0000000000000000 0.0000000000000000 0.0000000000000000
0.0054741086182641 0.0000000000000000 0.0000000000000000 0.0000000000000000
0.0122497550850990 0.0000000000000000 0.0000000000000000 0.0000000000000000
0.0141828820839816 0.0000000000000000 0.0000000000000000 0.0000000000000000
0.0035529657175729 0.0000000000000000 0.0000000000000000 0.0230733497579600
0.0000000000000000 0.0000000000000000 0.0000000000000000 0.0291049479050379
0.0000000000000000 0.0000000000000000 0.0000000000000000 0.0336420571139338
0.0000000000000000 0.0000000000000000 0.0000000000000000 0.0258352645453723
0.0000000000000000 0.0000000000000000 0.0000000000000000 0.0266860812190263
0.0567370266744902 0.1211266238972837 0.0000000000000000 0.0000000000000000
0.1307435768345991 0.0305226277413906 0.0000000000000000 0.0000000000000000
0.0545428634712510 0.0000000000000000 0.0000000000000000 0.0000000000000000
0.0333943882263174 0.0000000000000000 0.0000000000000000 0.0000000000000000
0.0249651399167146 0.0000000000000000 0.0000000000000000 0.0000000000000000
0.0061682397682294 0.0000000000000000 0.0000000000000000 0.0000000000000000
0.0024703286296012 0.0000000000000000 0.0101436518936181 0.0000000000000000
0.0000000000000000 0.0000000000000000 0.0000000000000000 0.0000000000000000
0.0210669045793074 0.0000000000000000 0.0000000000000000 0.0000000000000000
0.0648937999471730 0.0000000000000000 0.0000000000000000 0.0000000000000000
0.1038237693701305 0.0000000000000000 0.0000000000000000 0.0000000000000000
0.1476373302439848 0.0000000000000000 0.0000000000000000 0.0000000000000000
0.1472680068921809 0.0000000000000000 0.0000000000000000 0.0000000000000000
0.0539125359379778 0.0000000000000000 0.0000000000000000 0.0000000000000000
0.0273170026932278 0.0000000000000000 0.0000000000000000 0.0000000000000000
0.0503607200495167 0.0000000000000000 0.0000000000000000 0.0000000000000000
0.0357978329792911 0.0000000000000000 0.0000000000000000 0.0000000000000000
0.0437348083976436 0.0000000000000000 0.0000000000000000 0.0000000000000000
0.0000000000000000 0.0000000000000000 0.1184733517175796 0.0123857214882532
0.0000000000000000 0.0000000000000000 0.0000000000000000 0.0952500019003363
0.0169373705544893 0.0000000000000000 0.0000000000000000 0.0000000000000000
0.0272691768027988 0.0000000000000000 0.0000000000000000 0.0000000000000000
0.0059196151208643 0.0000000000000000 0.0000000000000000 0.0000000000000000
0.0015055642846753 0.0000000000000000 0.0000000000000000 0.0000000000000000
0.0115979057170595 0.0000000000000000 0.0000000000000000 0.0000000000000000
0.0000000000000000 0.0000000000000000 0.0000000000000000 0.0241227281261601
0.0000000000000000 0.0000000000000000 0.0000000000000000 0.0272766567091001
0.0000000000000000 0.0000000000000000 0.0000000000000000 0.0327448358083618
0.0000000000000000 0.0000000000000000 0.0000000000000000 0.0318923511250200
0.0000000000000000 0.0000000000000000 0.0000000000000000 0.0333945335948146
0.0156191724626457 0.0925403057579317 0.0000000000000000 0.0000000000000000
0.0350169539305510 0.0932871022864300 0.0067395278124832 0.0000000000000000
0.0000000000000000 0.0391087976959991 0.0000000000000000 0.0000000000000000
0.0370993370957234 0.0000000000000000 0.0000000000000000 0.0000000000000000
0.0274679297763928 0.0000000000000000 0.0000000000000000 0.0000000000000000
0.0359029519061247 0.0000000000000000 0.0000000000000000 0.0000000000000000
0.0324676087527883 0.0000000000000000 0.0000000000000000 0.0000000000000000
0.0623084507006056 0.0000000000000000 0.0000000000000000 0.0000000000000000
0.1335488673956954 0.0000000000000000 0.0000000000000000 0.0000000000000000
0.1483880230463019 0.0000000000000000 0.0000000000000000 0.0000000000000000
0.1526085624946098 0.0000000000000000 0.0000000000000000 0.0000000000000000
0.1351006502468212 0.0000000000000000 0.0000000000000000 0.0000000000000000
0.0866767466506538 0.0000000000000000 0.0000000000000000 0.0000000000000000
0.0781130002848074 0.0000000000000000 0.0000000000000000 0.0000000000000000
0.0264196961387699 0.0000000000000000 0.0000000000000000 0.0000000000000000
0.0142888009986458 0.0000000000000000 0.0000000000000000 0.0000000000000000
0.0326451792290397 0.0000000000000000 0.0000000000000000 0.0000000000000000
0.0397729327719585 0.0000000000000000 0.0000000000000000 0.0000000000000000
0.0000000000000000 0.0000000000000000 0.1454648020220738 0.0050926041186732
0.0000000000000000 0.0000000000000000 0.0000000000000000 0.1007974670451207
0.0007263325446963 0.0000000000000000 0.0000000000000000 0.0000000000000000
0.0086805192132792 0.0000000000000000 0.0000000000000000 0.0000000000000000
0.0132349710692378 0.0000000000000000 0.0000000000000000 0.0000000000000000
0.0132371763242226 0.0000000000000000 0.0000000000000000 0.0000000000000000
0.0156765977395516 0.0000000000000000 0.0000000000000000 0.0000000000000000
0.0000000000000000 0.0000000000000000 0.0000000000000000 0.0242324520925097
0.0000000000000000 0.0000000000000000 0.0000000000000000 0.0291137058817435
0.0000000000000000 0.0000000000000000 0.0000000000000000 0.0314909212601682
0.0024959991229514 0.0000000000000000 0.0000000000000000 0.0311344272018794
0.0000000000000000 0.0000000000000000 0.0000000000000000 0.0301844716729487
0.0000000000000000 0.0000000000000000 0.0000000000000000 0.0000000000000000
0.0510524123761000 0.1118038229132985 0.0000000000000000 0.0000000000000000
0.0000000000000000 0.0143362626944687 0.0232248489397998 0.0000000000000000
0.0475138755259561 0.0000000000000000 0.0000000000000000 0.0000000000000000
0.0071564061238485 0.0000000000000000 0.0000000000000000 0.0000000000000000
0.0166355117132850 0.0000000000000000 0.0000000000000000 0.0000000000000000
0.0123557180604514 0.0000000000000000 0.0000000000000000 0.0000000000000000
0.0596683260126442 0.0000000000000000 0.0000000000000000 0.0000000000000000
0.1526862307360360 0.0000000000000000 0.0000000000000000 0.0000000000000000
0.1496175579434517 0.0000000000000000 0.0000000000000000 0.0000000000000000
0.1110646485551899 0.0000000000000000 0.0000000000000000 0.0000000000000000
0.0967203966981057 0.0000000000000000 0.0000000000000000 0.0000000000000000
0.0000549717130613 0.0000000000000000 0.0000000000000000 0.0000000000000000
0.0528463835079296 0.0000000000000000 0.0000000000000000 0.0000000000000000
0.0539652101403357 0.0000000000000000 0.0000000000000000 0.0000000000000000
0.0338265957055140 0.0000000000000000 0.0000000000000000 0.0000000000000000
0.0557378252201219 0.0000000000000000 0.0000000000000000 0.0000000000000000
0.0000000000000000 0.0000000000000000 0.0761185813110833 0.0000000000000000
0.0000000000000000 0.0000000000000000 0.1887500561554642 0.0000000000000000
0.0000000000000000 0.0000000000000000 0.0000000000000000 0.0753622310473492
0.0233578686474585 0.0000000000000000 0.0000000000000000 0.0000000000000000
0.0172723742530626 0.0000000000000000 0.0000000000000000 0.0000000000000000
0.0079725503775420 0.0000000000000000 0.0000000000000000 0.0000000000000000
0.0252610038746805 0.0000000000000000 0.0000000000000000 0.0000000000000000
0.0195974101476811 0.0000000000000000 0.0000000000000000 0.0000000000000000
0.0000000000000000 0.0000000000000000 0.0000000000000000 0.0240851238388203
0.0000000000000000 0.0000000000000000 0.0000000000000000 0.0241077646722689
0.0023929907264663 0.0000000000000000 0.0000000000000000 0.0252478902958626
0.0024287532795876 0.0000000000000000 0.0000000000000000 0.0348792957196778
0.0000000000000000 0.0000000000000000 0.0000000000000000 0.0341409761604726
0.0000000000000000 0.0000000000000000 0.0000000000000000 0.0000000000000000
0.0740404072199383 0.1886926536977876 0.0000000000000000 0.0000000000000000
0.1137300984970494 0.0304428528409962 0.0133361111961159 0.0000000000000000
0.0652366293849898 0.0000000000000000 0.0000000000000000 0.0000000000000000
0.0233000790225526 0.0000000000000000 0.0000000000000000 0.0000000000000000
0.0106337149791857 0.0000000000000000 0.0000000000000000 0.0000000000000000
0.0399594418996689 0.0000000000000000 0.0000000000000000 0.0000000000000000
0.0530367115402923 0.0000000000000000 0.0000000000000000 0.0000000000000000
0.0442234187587803 0.0000000000000000 0.0000000000000000 0.0000000000000000
0.0356440304395030 0.0000000000000000 0.0000000000000000 0.0000000000000000
0.0752849834660689 0.0000000000000000 0.0000000000000000 0.0000000000000000
0.0295425008178926 0.0000000000000000 0.0000000000000000 0.0000000000000000
0.0436203895684551 0.0000000000000000 0.0000000000000000 0.0000000000000000
0.0620413534051064 0.0000000000000000 0.0000000000000000 0.0000000000000000
0.1011624724111136 0.0000000000000000 0.0000000000000000 0.0000000000000000
0.0903587777678873 0.0000000000000000 0.0000000000000000 0.0000000000000000
0.0854835591918114 0.0000000000000000 0.0000000000000000 0.0000000000000000
0.0000000000000000 0.0000000000000000 0.1756493113131500 0.0000000000000000
0.0000000000000000 0.0000000000000000 0.0721316538458947 0.0841639956861150
0.0000000000000000 0.0000000000000000 0.0000000000000000 0.0135800140763760
0.0134562195370009 0.0000000000000000 0.0000000000000000 0.0000000000000000
0.0203001628757692 0.0000000000000000 0.0000000000000000 0.0000000000000000
0.0181198376504814 0.0000000000000000 0.0000000000000000 0.0000000000000000
0.0279616754867282 0.0000000000000000 0.0000000000000000 0.0000000000000000
0.0188186738274845 0.0000000000000000 0.0000000000000000 0.0000000000000000
0.0000000000000000 0.0000000000000000 0.0000000000000000 0.0242080625110105
0.0000000000000000 0.0000000000000000 0.0000000000000000 0.0209448676118080
0.0000000000000000 0.0000000000000000 0.0000000000000000 0.0216547675923827
0.0000000000000000 0.0000000000000000 0.0000000000000000 0.0341907475618464
0.0002357831042187 0.0000000000000000 0.0000000000000000 0.0341700251396818
0.0004904362354794 0.0000000000000000 0.0000000000000000 0.0177828944196888
0.0200929354072786 0.1802342940998428 0.0000000000000000 0.0000000000000000
0.0375059679296671 0.0965855805678110 0.0264465381701788 0.0000000000000000
0.0000000000000000 0.0000000000000000 0.0000000000000000 0.0000000000000000
0.0594342124666653 0.0000000000000000 0.0000000000000000 0.0000000000000000
0.0355829049413111 0.0000000000000000 0.0000000000000000 0.0000000000000000
0.0603389959563228 0.0000000000000000 0.0000000000000000 0.0000000000000000
0.1071391180888110 0.0000000000000000 0.0000000000000000 0.0000000000000000
0.0917072471888627 0.0000000000000000 0.0000000000000000 0.0000000000000000
0.0770779879508066 0.0000000000000000 0.0000000000000000 0.0000000000000000
0.0962996741574186 0.0000000000000000 0.0000000000000000 0.0000000000000000
0.0993557887188360 0.0000000000000000 0.0000000000000000 0.0000000000000000
0.0727062540165349 0.0000000000000000 0.0000000000000000 0.0000000000000000
0.0838460805223269 0.0000000000000000 0.0000000000000000 0.0000000000000000
0.0678000071907744 0.0000000000000000 0.0000000000000000 0.0000000000000000
0.0675209921218601 0.0000000000000000 0.0000000000000000 0.0000000000000000
0.0852440891166527 0.0000000000000000 0.0000000000000000 0.0000000000000000
0.0000000000000000 0.0000000000000000 0.1692982864876588 0.0052587026036253
0.0000000000000000 0.0000000000000000 0.0000000000000000 0.1133756935797340
0.0041557221874302 0.0000000000000000 0.0000000000000000 0.0000000000000000
0.0161089324921953 0.0000000000000000 0.0000000000000000 0.0000000000000000
0.0095291403432687 0.0000000000000000 0.0000000000000000 0.0000000000000000
0.0313044290186144 0.0000000000000000 0.0000000000000000 0.0000000000000000
0.0163550912603444 0.0000000000000000 0.0000000000000000 0.0000000000000000
0.0058190761681865 0.0000000000000000 0.0000000000000000 0.0000000000000000
0.0000000000000000 0.0000000000000000 0.0000000000000000 0.0203706603460745
0.0000000000000000 0.0000000000000000 0.0000000000000000 0.0231788142219040
0.0000000000000000 0.0000000000000000 0.0000000000000000 0.0227103335691580
0.0000000000000000 0.0000000000000000 0.0000000000000000 0.0267522888166793
0.0000000000000000 0.0000000000000000 0.0000000000000000 0.0317569626367414
0.0000000000000000 0.0000000000000000 0.0000000000000000 0.0308220885675765
0.0000000000000000 0.0447311833573907 0.0000000000000000 0.0000000000000000
0.0345085346669542 0.2052307229927357 0.0000000000000000 0.0000000000000000
0.0000000000000000 0.0000000000000000 0.0644919443364237 0.0000000000000000
0.0589096910082826 0.0000000000000000 0.0000000000000000 0.0000000000000000
0.0821033932852979 0.0000000000000000 0.0000000000000000 0.0000000000000000
0.1060789343042701 0.0000000000000000 0.0000000000000000 0.0000000000000000
0.0982445592827657 0.0000000000000000 0.0000000000000000 0.0000000000000000
0.0808369931490981 0.0000000000000000 0.0000000000000000 0.0000000000000000
0.0415550151730285 0.0000000000000000 0.0000000000000000 0.0000000000000000
0.0376820438486689 0.0000000000000000 0.0000000000000000 0.0000000000000000
0.0308640674487049 0.0000000000000000 0.0000000000000000 0.0000000000000000
0.0204981087323497 0.0000000000000000 0.0000000000000000 0.0000000000000000
0.0410937583767901 0.0000000000000000 0.0000000000000000 0.0000000000000000
0.0739247541655512 0.0000000000000000 0.0000000000000000 0.0000000000000000
0.0391675425364690 0.0000000000000000 0.0000000000000000 0.0000000000000000
0.0000000000000000 0.0000000000000000 0.1269933141183620 0.0000000000000000
0.0000000000000000 0.0000000000000000 0.2196677396329595 0.0056677031440332
0.0000000000000000 0.0000000000000000 0.0000000000000000 0.0748112795691865
0.0140300004359553 0.0000000000000000 0.0000000000000000 0.0000000000000000
0.0187829481474327 0.0000000000000000 0.0000000000000000 0.0000000000000000
0.0234311918855881 0.0000000000000000 0.0000000000000000 0.0000000000000000
0.0222514287367756 0.0000000000000000 0.0000000000000000 0.0000000000000000
0.0031157764587916 0.0000000000000000 0.0000000000000000 0.0000000000000000
0.0154959790700790 0.0000000000000000 0.0000000000000000 0.0000000000000000
0.0017583523164777 0.0000000000000000 0.0000000000000000 0.0199159107591008
0.0000000000000000 0.0000000000000000 0.0000000000000000 0.0277381124778414
0.0052970814208189 0.0000000000000000 0.0000000000000000 0.0266325767608542
0.0024413676676797 0.0000000000000000 0.0000000000000000 0.0226619558408857
0.0000000000000000 0.0000000000000000 0.0000000000000000 0.0301390201182050
0.0000000000000000 0.0000000000000000 0.0000000000000000 0.0328863427042961
0.0000000000000000 0.0000000000000000 0.0000000000000000 0.0000000000000000
0.0092475750136609 0.2217243006489441 0.0000000000000000 0.0000000000000000
0.0000000000000000 0.1202532709740541 0.0684030424365226 0.0000000000000000
0.0000000000000000 0.0000000000000000 0.0161607819225858 0.0000000000000000
0.0762646973571357 0.0000000000000000 0.0000000000000000 0.0000000000000000
0.0878406400043589 0.0000000000000000 0.0000000000000000 0.0000000000000000
0.0114279152569817 0.0000000000000000 0.0000000000000000 0.0000000000000000
0.0008797274354626 0.0000000000000000 0.0000000000000000 0.0000000000000000
0.0161596796530135 0.0000000000000000 0.0000000000000000 0.0000000000000000
0.0353892874922238 0.0000000000000000 0.0000000000000000 0.0000000000000000
0.0125812778724175 0.0000000000000000 0.0000000000000000 0.0000000000000000
0.0262956800852336 0.0000000000000000 0.0000000000000000 0.0000000000000000
0.0289317169464102 0.0000000000000000 0.0000000000000000 0.0000000000000000
0.0644310461978117 0.0000000000000000 0.0000000000000000 0.0000000000000000
0.0722348006770891 0.0000000000000000 0.0000000000000000 0.0000000000000000
0.0205071510491418 0.0000000000000000 0.0709994279067306 0.0000000000000000
0.0000000000000000 0.0000000000000000 0.0462074084536117 0.1022306065403801
0.0000000000000000 0.0000000000000000 0.0000000000000000 0.0439648571935500
0.0183138638588728 0.0000000000000000 0.0000000000000000 0.0000000000000000
0.0201048220343451 0.0000000000000000 0.0000000000000000 0.0000000000000000
0.0403911256760942 0.0000000000000000 0.0000000000000000 0.0000000000000000
0.0358104616841850 0.0000000000000000 0.0000000000000000 0.0000000000000000
0.0315866698675295 0.0000000000000000 0.0000000000000000 0.0000000000000000
0.0261856295168398 0.0000000000000000 0.0000000000000000 0.0000000000000000
0.0020251377394388 0.0000000000000000 0.0000000000000000 0.0223782583833764
0.0042091769184552 0.0000000000000000 0.0000000000000000 0.0215830595542988
0.0000000000000000 0.0000000000000000 0.0000000000000000 0.0215483015841421
0.0063693463656248 0.0000000000000000 0.0000000000000000 0.0290642706604273
0.0000000000000000 0.0000000000000000 0.0000000000000000 0.0327724160206522
0.0000000000000000 0.0000000000000000 0.0000000000000000 0.0311731977826532
0.0000000000000000 0.0000000000000000 0.0000000000000000 0.0286522006360339
0.0000000000000000 0.0822357786417591 0.0000000000000000 0.0000000000000000
0.1328688800188840 0.1964747330502552 0.0000000000000000 0.0000000000000000
0.0285730025785811 0.0000000000000000 0.0265318325191152 0.0000000000000000
0.1025346636041707 0.0000000000000000 0.0000000000000000 0.0000000000000000
0.0379100415490422 0.0000000000000000 0.0000000000000000 0.0000000000000000
0.0186561865987731 0.0000000000000000 0.0000000000000000 0.0000000000000000
0.0583070919648105 0.0000000000000000 0.0000000000000000 0.0000000000000000
0.1297652626592740 0.0000000000000000 0.0000000000000000 0.0000000000000000
0.1661991492644245 0.0000000000000000 0.0000000000000000 0.0000000000000000
0.1366203514238199 0.0000000000000000 0.0000000000000000 0.0000000000000000
0.0927618896113891 0.0000000000000000 0.0000000000000000 0.0000000000000000
0.0813757893939813 0.0000000000000000 0.0000000000000000 0.0000000000000000
0.0522263966208580 0.0000000000000000 0.0000000000000000 0.0000000000000000
0.0549841472769485 0.0000000000000000 0.0000000000000000 0.0000000000000000
0.1251893746356170 0.0000000000000000 0.0000000000000000 0.0000000000000000
0.0551916332659768 0.0000000000000000 0.0000000000000000 0.0401059036800528
0.2127024542905536 0.0000000000000000 0.0000000000000000 0.0950733260361148
0.0286317107578120 0.0000000000000000 0.0000000000000000 0.0000000000000000
0.0308902584308502 0.0000000000000000 0.0000000000000000 0.0000000000000000
0.0235825920075762 0.0000000000000000 0.0000000000000000 0.0000000000000000
0.0130451523644081 0.0000000000000000 0.0000000000000000 0.0000000000000000
0.0201741138947945 0.0000000000000000 0.0000000000000000 0.0000000000000000
0.0142219583631731 0.0000000000000000 0.0000000000000000 0.0000000000000000
0.0000000000000000 0.0000000000000000 0.0000000000000000 0.0179214200479728
0.0010568693426311 0.0000000000000000 0.0000000000000000 0.0210932518501639
0.0000000000000000 0.0000000000000000 0.0000000000000000 0.0200728804621773
0.0000000000000000 0.0000000000000000 0.0000000000000000 0.0267907998049814
0.0000000000000000 0.0000000000000000 0.0000000000000000 0.0246054800373374
0.0048917402093314 0.0000000000000000 0.0000000000000000 0.0357619645859243
0.0869497693490747 0.0000000000000000 0.0000000000000000 0.0183129818379587
0.3187478538091275 0.0000000000000000 0.0000000000000000 0.0000000000000000
0.5114538135920084 0.0082096960395574 0.0000000000000000 0.0000000000000000
0.3460473010791283 0.0000000000000000 0.0000000000000000 0.0000000000000000
0.0308614046988534 0.0000000000000000 0.0000000000000000 0.0000000000000000
0.1129607559273056 0.0000000000000000 0.0000000000000000 0.0000000000000000
0.0555559348095866 0.0000000000000000 0.0000000000000000 0.0000000000000000
0.0818363661129100 0.0000000000000000 0.0000000000000000 0.0000000000000000
0.0842480894251196 0.0032262911326161 0.0000000000000000 0.0000000000000000
0.0098583820257701 0.0000000000000000 0.0051215561362457 0.0000000000000000
0.0000000000000000 0.0000000000000000 0.0000000000000000 0.0000000000000000
0.0000000000000000 0.0000000000000000 0.0000000000000000 0.0000000000000000
0.0198530279976480 0.0000000000000000 0.0000000000000000 0.0000000000000000
0.0609797083133576 0.0000000000000000 0.0000000000000000 0.0000000000000000
0.0481137213023270 0.0000000000000000 0.0000000000000000 0.0000000000000000
0.1638853665514319 0.0011906689799884 0.0000000000000000 0.0000000000000000
0.0762487157156654 0.0000000000000000 0.0491391527667349 0.0000000000000000
0.2186067195937914 0.0000000000000000 0.0000000000000000 0.1332842682323911
0.4016569530116577 0.0000000000000000 0.0000000000000000 0.0088792465864589
0.2316613470076346 0.0000000000000000 0.0000000000000000 0.0079530301193396
0.0032586970019574 0.0000000000000000 0.0000000000000000 0.0000000000000000
0.0062296449992002 0.0000000000000000 0.0000000000000000 0.0000000000000000
0.0146212526250120 0.0000000000000000 0.0000000000000000 0.0000000000000000
0.0200305043920583 0.0000000000000000 0.0000000000000000 0.0000000000000000
0.0013712088120918 0.0000000000000000 0.0000000000000000 0.0169835554709768
0.0000000000000000 0.0000000000000000 0.0000000000000000 0.0258497932889298
0.0135741344707853 0.0000000000000000 0.0000000000000000 0.0254788375788315
0.0000000000000000 0.0000000000000000 0.0000000000000000 0.0230023802678083
0.0000000000000000 0.0000000000000000 0.0000000000000000 0.0252838013419773
0.0000000000000000 0.0000000000000000 0.0000000000000000 0.0274548453534497
0.1903424960579358 0.0984138476424942 0.0000000000000000 0.0000000000000000
0.4841333435300518 0.1512155102237183 0.0000000000000000 0.0000000000000000
0.4931139720275121 0.0000000000000000 0.0000000000000000 0.0000000000000000
0.2093838501648576 0.0000000000000000 0.0000000000000000 0.0000000000000000
0.0000000000000000 0.0000000000000000 0.0000000000000000 0.0000000000000000
0.0816142437943057 0.0000000000000000 0.0000000000000000 0.0000000000000000
0.0724404568619588 0.0000000000000000 0.0000000000000000 0.0000000000000000
0.0487478825245418 0.0000000000000000 0.0000000000000000 0.0000000000000000
0.0297985068577177 0.0000000000000000 0.0122204218132823 0.0000000000000000
0.0000000000000000 0.0000000000000000 0.0445274698602803 0.0000000000000000
0.0000000000000000 0.0000000000000000 0.0034302468174228 0.0000000000000000
0.0286977975245784 0.0000000000000000 0.0000000000000000 0.0000000000000000
0.0899413787120698 0.0000000000000000 0.0000000000000000 0.0000000000000000
0.1002856659392515 0.0000000000000000 0.0000000000000000 0.0000000000000000
0.0361524251600107 0.0000000000000000 0.0000000000000000 0.0000000000000000
0.0367442358796503 0.1625884711523266 0.0000000000000000 0.0000000000000000
0.2030983995427104 0.0000000000000000 0.0028586149873102 0.0000000000000000
0.1124282678990972 0.0000000000000000 0.0000000000000000 0.0000000000000000
0.4185739229561068 0.0000000000000000 0.0000000000000000 0.0000000000000000
0.4569160336226810 0.0000000000000000 0.0000000000000000 0.0600787796061851
0.4804413661506831 0.0000000000000000 0.0000000000000000 0.0095759239266900
0.2518147529194168 0.0000000000000000 0.0000000000000000 0.0142581468575871
0.0400969128252244 0.0000000000000000 0.0000000000000000 0.0000000000000000
0.0255420779918923 0.0000000000000000 0.0000000000000000 0.0000000000000000
0.0070125247771834 0.0000000000000000 0.0000000000000000 0.0172080492399926
0.0000000000000000 0.0000000000000000 0.0000000000000000 0.0182102170042402
0.0000477214508199 0.0000000000000000 0.0000000000000000 0.0242710178681449
0.0032235103933251 0.0000000000000000 0.0000000000000000 0.0231135312066066
0.0034517543426917 0.0000000000000000 0.0000000000000000 0.0262863487680899
0.0200919080452591 0.0000000000000000 0.0000000000000000 0.0241666180666025
0.2079015771401863 0.4206095486221945 0.0000000000000000 0.0000000000000000
0.3689940346076209 0.3162924989546631 0.0000000000000000 0.0000000000000000
0.1762668823932901 0.0000000000000000 0.1207246798364555 0.0000000000000000
0.0000000000000000 0.0000000000000000 0.0000000000000000 0.0000000000000000
0.0266337310420531 0.0592332781456849 0.0000000000000000 0.0000000000000000
0.0023216426226438 0.0000000000000000 0.0000000000000000 0.0000000000000000
0.0807886074424959 0.0000000000000000 0.0000000000000000 0.0000000000000000
0.1714863381403334 0.0000000000000000 0.0000000000000000 0.0000000000000000
0.1437795427938302 0.0000000000000000 0.0000000000000000 0.0000000000000000
0.1276048317697703 0.0000000000000000 0.0000000000000000 0.0000000000000000
0.1323479764455674 0.0000000000000000 0.0000000000000000 0.0000000000000000
0.1828926487150146 0.0000000000000000 0.0000000000000000 0.0000000000000000
0.1686219835836513 0.0000000000000000 0.0000000000000000 0.0000000000000000
0.0340954565972675 0.0000000000000000 0.0157480397718210 0.0000000000000000
0.0000000000000000 0.0000000000000000 0.0000000000000000 0.0000000000000000
0.0364044120937002 0.1017598971943645 0.0000000000000000 0.0000000000000000
0.1686479415233229 0.0000000000000000 0.0000000000000000 0.0000000000000000
0.0352417155662003 0.0000000000000000 0.0000000000000000 0.0000000000000000
0.1568972897734128 0.0000000000000000 0.0000000000000000 0.0000000000000000
0.1735026307988400 0.0000000000000000 0.0000000000000000 0.0000000000000000
0.4325248186933059 0.0000000000000000 0.0000000000000000 0.0000000000000000
0.4779730748750414 0.0000000000000000 0.0000000000000000 0.0597380611990743
0.4630856980734013 0.0000000000000000 0.0000000000000000 0.0037417037376002
0.2870071347875923 0.0000000000000000 0.0000000000000000 0.0000000000000000
0.0063492726315471 0.0000000000000000 0.0000000000000000 0.0124458209629737
0.0158876723956827 0.0000000000000000 0.0000000000000000 0.0198045880460710
0.0028271849687193 0.0000000000000000 0.0000000000000000 0.0203090687811959
0.0113951180933737 0.0000000000000000 0.0000000000000000 0.0257578475108626
0.0000000000000000 0.0000000000000000 0.0000000000000000 0.0198714526680609
0.1183075990600913 0.0000000000000000 0.0000000000000000 0.0000000000000000
0.3908577068033171 0.4711911060865605 0.0000000000000000 0.0000000000000000
0.5351045930940731 0.1105080299444643 0.0000000000000000 0.0000000000000000
0.0000000000000000 0.0000000000000000 0.1658876679618569 0.0000000000000000
0.0000000000000000 0.0000000000000000 0.0000000000000000 0.0000000000000000
0.0348722140432572 0.0200955131255529 0.0000000000000000 0.0000000000000000
0.0259474701595073 0.0522596035298763 0.0081152771325672 0.0000000000000000
0.0000000000000000 0.0036887434548607 0.0202829817200409 0.0000000000000000
0.0000000000000000 0.0437384921034761 0.0000000000000000 0.0000000000000000
0.0899762327034100 0.0000000000000000 0.0000000000000000 0.0000000000000000
0.0999956165312552 0.0000000000000000 0.0000000000000000 0.0000000000000000
0.1041358862291364 0.0000000000000000 0.0000000000000000 0.0000000000000000
0.0323815142261047 0.0000000000000000 0.0000000000000000 0.0000000000000000
0.0000000000000000 0.0000000000000000 0.0538743371764819 0.0000000000000000
0.0000000000000000 0.0000000000000000 0.0423223251294272 0.0000000000000000
0.0000000000000000 0.0339546314422407 0.0000000000000000 0.0000000000000000
0.1792908872313359 0.0814520633322935 0.0000000000000000 0.0000000000000000
0.1580151340978988 0.0000000000000000 0.0000000000000000 0.0000000000000000
0.0268313701100209 0.0000000000000000 0.0000000000000000 0.0000000000000000
0.0383729768588263 0.0000000000000000 0.0000000000000000 0.0000000000000000
0.0573634677511804 0.0394181007482842 0.0000000000000000 0.0000000000000000
0.0373017950239135 0.0000000000000000 0.0000000000000000 0.0000000000000000
0.1633049637517509 0.0000000000000000 0.0000000000000000 0.0000000000000000
0.4390678424315125 0.0000000000000000 0.0000000000000000 0.0000000000000000
0.4295624262415896 0.0000000000000000 0.0000000000000000 0.0117859872350213
0.0171065608514291 0.0000000000000000 0.0000000000000000 0.0145483034699425
0.0152889505174815 0.0000000000000000 0.0000000000000000 0.0102000688202680
0.0245133618367653 0.0000000000000000 0.0000000000000000 0.0191143371840464
0.0405067271315585 0.0000000000000000 0.0000000000000000 0.0187140633863415
0.1738730230606071 0.0000000000000000 0.0000000000000000 0.0024475323346754
0.4477708721131670 0.0135793000970985 0.0000000000000000 0.0000000000000000
0.5833871513459028 0.2399628724172419 0.0000000000000000 0.0000000000000000
0.4318480352998949 0.0486885665021106 0.0000000000000000 0.0000000000000000
0.0000000000000000 0.0000000000000000 0.1156105314253592 0.0000000000000000
0.0000000000000000 0.0000000000000000 0.0000000000000000 0.0000000000000000
0.0837583461082447 0.0000000000000000 0.0000000000000000 0.0000000000000000
0.0079465472084634 0.0179762676577358 0.0000000000000000 0.0000000000000000
0.0000000000000000 0.0166690442565025 0.0408648186746765 0.0000000000000000
0.0000000000000000 0.0213175886913258 0.0356797661486209 0.0000000000000000
0.0000000000000000 0.0000000000000000 0.0404972635063471 0.0000000000000000
0.0000000000000000 0.0000000000000000 0.0385483499251160 0.0000000000000000
0.0000000000000000 0.0000000000000000 0.0514234857962412 0.0000000000000000
0.0000000000000000 0.0000000000000000 0.0782746553786245 0.0000000000000000
0.0000000000000000 0.0000000000000000 0.0593897929305539 0.0000000000000000
0.0000000000000000 0.0000000000000000 0.0000000000000000 0.0000000000000000
0.1370184622412804 0.1216733639511992 0.0000000000000000 0.0000000000000000
0.1895923826478275 0.0382754121560092 0.0000000000000000 0.0000000000000000
0.1259656957989814 0.0000000000000000 0.0000000000000000 0.0000000000000000
0.0766778352652110 0.0000000000000000 0.0000000000000000 0.0000000000000000
0.0731778553157460 0.0000000000000000 0.0000000000000000 0.0000000000000000
0.0728394556133185 0.0000000000000000 0.0000000000000000 0.0000000000000000
0.0406245690788708 0.0475793434051322 0.0124054793852801 0.0000000000000000
0.0000000000000000 0.0000000000000000 0.0000000000000000 0.0000000000000000
0.0663115293225821 0.0000000000000000 0.0000000000000000 0.0000000000000000
0.1911430931412706 0.0000000000000000 0.0000000000000000 0.0000000000000000
