0.0000000000000000 0.0000000000000000 0.0000000000000000 0.0000000000000000
0.0000000000000000 0.0000000000000000 0.0000000000000000 0.0000000000000000
0.2327270507812500 0.3123779296875000 0.0000000000000000 0.0000000000000000
0.3370971679687500 0.1135864257812500 0.0232543945312500 0.0000000000000000
0.0516357421875000 0.0000000000000000 0.1290283203125000 0.0000000000000000
0.0000000000000000 0.0000000000000000 0.1399536132812500 0.0000000000000000
0.0000000000000000 0.0000000000000000 0.1234741210937500 0.0000000000000000
0.0000000000000000 0.0000000000000000 0.1008911132812500 0.0000000000000000
0.0401000976562500 0.0156250000000000 0.0778198242187500 0.0000000000000000
0.2369384765625000 0.0000000000000000 0.0291748046875000 0.0000000000000000
0.2984619140625000 0.0000000000000000 0.0000000000000000 0.0000000000000000
0.2142944335937500 0.0000000000000000 0.0000000000000000 0.0000000000000000
0.1793823242187500 0.0000000000000000 0.0000000000000000 0.0346679687500000
0.0283813476562500 0.0000000000000000 0.0000000000000000 0.0000000000000000
0.0206909179687500 0.0000000000000000 0.0000000000000000 0.0000000000000000
0.0000000000000000 0.0000000000000000 0.0000000000000000 0.0007324218750000
0.0914916992187500 0.0000000000000000 0.0000000000000000 0.0000000000000000
0.3651733398437500 0.3359985351562500 0.0000000000000000 0.0000000000000000
0.1400146484375000 0.0516967773437500 0.1311035156250000 0.0000000000000000
0.0000000000000000 0.0000000000000000 0.1171875000000000 0.0000000000000000
0.0000000000000000 0.0000000000000000 0.0800170898437500 0.0000000000000000
0.0028076171875000 0.0000000000000000 0.0433349609375000 0.0000000000000000
0.0000000000000000 0.0000000000000000 0.0668945312500000 0.0000000000000000
0.0000000000000000 0.0000000000000000 0.0859985351562500 0.0000000000000000
0.0000000000000000 0.0233154296875000 0.0907592773437500 0.0000000000000000
0.0000000000000000 0.0548095703125000 0.0479125976562500 0.0000000000000000
0.1254272460937500 0.0000000000000000 0.0000000000000000 0.0000000000000000
0.0438842773437500 0.0000000000000000 0.1375122070312500 0.0745239257812500
0.0000000000000000 0.0000000000000000 0.0000000000000000 0.0000000000000000
0.0010375976562500 0.0000000000000000 0.0000000000000000 0.0000000000000000
0.0000000000000000 0.0000000000000000 0.0000000000000000 0.0048217773437500
0.2996215820312500 0.2094726562500000 0.0000000000000000 0.0000000000000000
0.4672241210937500 0.0765991210937500 0.0985717773437500 0.0000000000000000
0.0043334960937500 0.0000000000000000 0.0483398437500000 0.0000000000000000
0.0135498046875000 0.0000000000000000 0.0000000000000000 0.0000000000000000
0.0320434570312500 0.0000000000000000 0.0000000000000000 0.0000000000000000
0.0130004882812500 0.0000000000000000 0.0000000000000000 0.0000000000000000
0.0206298828125000 0.0000000000000000 0.0000000000000000 0.0000000000000000
0.0114135742187500 0.0000000000000000 0.0000000000000000 0.0000000000000000
0.0167236328125000 0.0000000000000000 0.0000000000000000 0.0000000000000000
0.0208740234375000 0.1099853515625000 0.0102539062500000 0.0000000000000000
0.0693969726562500 0.1392822265625000 0.0093994140625000 0.0000000000000000
0.0000000000000000 0.0000000000000000 0.2539062500000000 0.1252441406250000
0.0000000000000000 0.0000000000000000 0.0000000000000000 0.0000000000000000
0.0048828125000000 0.0000000000000000 0.0000000000000000 0.0000000000000000
0.0110473632812500 0.0000000000000000 0.0000000000000000 0.0033569335937500
0.2794799804687500 0.3670654296875000 0.0000000000000000 0.0000000000000000
0.1795654296875000 0.0000000000000000 0.1014404296875000 0.0000000000000000
0.0219116210937500 0.0000000000000000 0.0000000000000000 0.0000000000000000
0.0190429687500000 0.0000000000000000 0.0000000000000000 0.0000000000000000
0.0083618164062500 0.0000000000000000 0.0000000000000000 0.0000000000000000
0.0250854492187500 0.0000000000000000 0.0000000000000000 0.0000000000000000
0.0114135742187500 0.0000000000000000 0.0000000000000000 0.0000000000000000
0.0202636718750000 0.0000000000000000 0.0000000000000000 0.0000000000000000
0.0349121093750000 0.0000000000000000 0.0000000000000000 0.0000000000000000
0.0437011718750000 0.0407104492187500 0.0000000000000000 0.0000000000000000
0.1069335937500000 0.1757202148437500 0.0512084960937500 0.0000000000000000
0.0000000000000000 0.0000000000000000 0.2666015625000000 0.1298217773437500
0.0086669921875000 0.0000000000000000 0.0000000000000000 0.0000000000000000
0.0051269531250000 0.0000000000000000 0.0000000000000000 0.0000000000000000
0.0000000000000000 0.0000000000000000 0.0000000000000000 0.0128173828125000
0.1770629882812500 0.4030151367187500 0.0599975585937500 0.0000000000000000
0.0562744140625000 0.1726684570312500 0.1476440429687500 0.0000000000000000
0.1703491210937500 0.0000000000000000 0.0000000000000000 0.0000000000000000
0.2780761718750000 0.0000000000000000 0.0000000000000000 0.0000000000000000
0.2373046875000000 0.0000000000000000 0.0000000000000000 0.0000000000000000
0.1441040039062500 0.0000000000000000 0.0000000000000000 0.0000000000000000
0.1059570312500000 0.0000000000000000 0.0000000000000000 0.0000000000000000
0.2208862304687500 0.0000000000000000 0.0000000000000000 0.0000000000000000
0.3428344726562500 0.0000000000000000 0.0000000000000000 0.0000000000000000
0.2885742187500000 0.0000000000000000 0.0000000000000000 0.0000000000000000
0.1308593750000000 0.1367797851562500 0.3583374023437500 0.0000000000000000
0.0000000000000000 0.0000000000000000 0.2739868164062500 0.0997924804687500
0.0108032226562500 0.0000000000000000 0.0000000000000000 0.0000000000000000
0.0048217773437500 0.0000000000000000 0.0000000000000000 0.0000000000000000
0.0000000000000000 0.0000000000000000 0.0000000000000000 0.0150756835937500
0.0850830078125000 0.3900146484375000 0.0017089843750000 0.0120849609375000
0.1984252929687500 0.3363647460937500 0.1968994140625000 0.0000000000000000
0.1412353515625000 0.0817871093750000 0.0363159179687500 0.0000000000000000
0.0747070312500000 0.0000000000000000 0.0000000000000000 0.0000000000000000
0.1438598632812500 0.0000000000000000 0.0000000000000000 0.0000000000000000
0.0671386718750000 0.0000000000000000 0.0000000000000000 0.0000000000000000
0.0820922851562500 0.0270385742187500 0.0000000000000000 0.0000000000000000
0.1351318359375000 0.0429687500000000 0.0000000000000000 0.0000000000000000
0.1054077148437500 0.0000000000000000 0.0266113281250000 0.0000000000000000
0.0170898437500000 0.0000000000000000 0.0562133789062500 0.0000000000000000
0.0048217773437500 0.0831298828125000 0.3215942382812500 0.0000000000000000
0.0343627929687500 0.0000000000000000 0.0000000000000000 0.1182861328125000
0.0114135742187500 0.0000000000000000 0.0000000000000000 0.0000000000000000
0.0207519531250000 0.0000000000000000 0.0000000000000000 0.0000000000000000
0.0000000000000000 0.0000000000000000 0.0000000000000000 0.0183715820312500
0.0520629882812500 0.3119506835937500 0.0000000000000000 0.0186157226562500
0.1187133789062500 0.3884277343750000 0.3141479492187500 0.0000000000000000
0.0473632812500000 0.0000000000000000 0.0350341796875000 0.0000000000000000
0.0898437500000000 0.1160278320312500 0.0774536132812500 0.0000000000000000
0.0997314453125000 0.0000000000000000 0.1306152343750000 0.0000000000000000
0.0347290039062500 0.0000000000000000 0.1295776367187500 0.0000000000000000
0.0535888671875000 0.0443725585937500 0.0000000000000000 0.0000000000000000
0.0482177734375000 0.0726318359375000 0.0782470703125000 0.0000000000000000
0.0000000000000000 0.0000000000000000 0.0990600585937500 0.0000000000000000
0.0000000000000000 0.0000000000000000 0.0535888671875000 0.0000000000000000
0.0000000000000000 0.0000000000000000 0.1259155273437500 0.0000000000000000
0.0020141601562500 0.0000000000000000 0.0000000000000000 0.0574340820312500
0.0076904296875000 0.0000000000000000 0.0000000000000000 0.0000000000000000
0.0141601562500000 0.0000000000000000 0.0000000000000000 0.0000000000000000
0.0016479492187500 0.0000000000000000 0.0000000000000000 0.0213012695312500
0.0000000000000000 0.0000000000000000 0.0000000000000000 0.0229492187500000
0.0102539062500000 0.2390747070312500 0.2299804687500000 0.0000000000000000
0.0430908203125000 0.0793457031250000 0.0445556640625000 0.0000000000000000
0.0329589843750000 0.0523681640625000 0.0634765625000000 0.0000000000000000
0.0000000000000000 0.0000000000000000 0.1015625000000000 0.0000000000000000
0.0000000000000000 0.0000000000000000 0.1362915039062500 0.0000000000000000
0.0033569335937500 0.0000000000000000 0.0009155273437500 0.0000000000000000
0.0000000000000000 0.0075683593750000 0.0853271484375000 0.0000000000000000
0.0000000000000000 0.0000000000000000 0.0496215820312500 0.0000000000000000
0.0183715820312500 0.0000000000000000 0.0179443359375000 0.0000000000000000
0.0403442382812500 0.0000000000000000 0.1218261718750000 0.0112304687500000
0.0090332031250000 0.0000000000000000 0.0000000000000000 0.0765380859375000
0.0194091796875000 0.0000000000000000 0.0000000000000000 0.0000000000000000
0.0137329101562500 0.0000000000000000 0.0000000000000000 0.0000000000000000
0.0020751953125000 0.0000000000000000 0.0000000000000000 0.0190429687500000
0.0000000000000000 0.0000000000000000 0.0000000000000000 0.0263061523437500
0.0544433593750000 0.1233520507812500 0.0000000000000000 0.0169677734375000
0.1270751953125000 0.0613403320312500 0.0000000000000000 0.0000000000000000
0.0318603515625000 0.0000000000000000 0.0000000000000000 0.0000000000000000
0.0054931640625000 0.0000000000000000 0.0291137695312500 0.0000000000000000
0.0241699218750000 0.0000000000000000 0.0000000000000000 0.0000000000000000
0.1050415039062500 0.0000000000000000 0.0000000000000000 0.0000000000000000
0.1440429687500000 0.0000000000000000 0.0000000000000000 0.0000000000000000
0.0518798828125000 0.0000000000000000 0.0000000000000000 0.0000000000000000
0.0494995117187500 0.0000000000000000 0.0000000000000000 0.0000000000000000
0.0512084960937500 0.0000000000000000 0.1163330078125000 0.0111083984375000
0.0181884765625000 0.0000000000000000 0.0000000000000000 0.0875854492187500
0.0281982421875000 0.0000000000000000 0.0000000000000000 0.0000000000000000
0.0154418945312500 0.0000000000000000 0.0000000000000000 0.0000000000000000
0.0000000000000000 0.0000000000000000 0.0000000000000000 0.0215454101562500
0.0000000000000000 0.0000000000000000 0.0000000000000000 0.0245971679687500
0.0122070312500000 0.0921630859375000 0.0000000000000000 0.0250854492187500
0.0532836914062500 0.1102294921875000 0.0222778320312500 0.0000000000000000
0.0483398437500000 0.0000000000000000 0.0000000000000000 0.0000000000000000
0.0386962890625000 0.0000000000000000 0.0000000000000000 0.0000000000000000
0.1509399414062500 0.0000000000000000 0.0000000000000000 0.0000000000000000
0.1499023437500000 0.0000000000000000 0.0000000000000000 0.0000000000000000
0.1331176757812500 0.0000000000000000 0.0000000000000000 0.0000000000000000
0.0789794921875000 0.0000000000000000 0.0000000000000000 0.0000000000000000
0.0569458007812500 0.0000000000000000 0.0000000000000000 0.0000000000000000
0.0360107421875000 0.0000000000000000 0.1878051757812500 0.0000000000000000
0.0190429687500000 0.0000000000000000 0.0000000000000000 0.0915527343750000
0.0130004882812500 0.0000000000000000 0.0000000000000000 0.0000000000000000
0.0292968750000000 0.0000000000000000 0.0000000000000000 0.0000000000000000
0.0000000000000000 0.0000000000000000 0.0000000000000000 0.0172119140625000
0.0036010742187500 0.0000000000000000 0.0000000000000000 0.0259399414062500
0.0014648437500000 0.0000000000000000 0.0000000000000000 0.0253906250000000
0.1140747070312500 0.1863403320312500 0.0259399414062500 0.0000000000000000
0.0629272460937500 0.0000000000000000 0.0003051757812500 0.0000000000000000
0.0632934570312500 0.0000000000000000 0.0000000000000000 0.0000000000000000
0.1060791015625000 0.0000000000000000 0.0000000000000000 0.0000000000000000
0.0943603515625000 0.0000000000000000 0.0000000000000000 0.0000000000000000
0.1011352539062500 0.0000000000000000 0.0000000000000000 0.0000000000000000
0.1045532226562500 0.0000000000000000 0.0000000000000000 0.0000000000000000
0.0930786132812500 0.0000000000000000 0.0000000000000000 0.0000000000000000
0.0000000000000000 0.0000000000000000 0.1730346679687500 0.1064453125000000
0.0210571289062500 0.0000000000000000 0.0000000000000000 0.0064086914062500
0.0321655273437500 0.0000000000000000 0.0000000000000000 0.0000000000000000
0.0284423828125000 0.0000000000000000 0.0000000000000000 0.0000000000000000
0.0045776367187500 0.0000000000000000 0.0000000000000000 0.0209960937500000
0.0063476562500000 0.0000000000000000 0.0000000000000000 0.0184936523437500
0.0000000000000000 0.0000000000000000 0.0000000000000000 0.0240478515625000
0.0336303710937500 0.2186889648437500 0.0000000000000000 0.0000000000000000
0.0606079101562500 0.1159667968750000 0.0671997070312500 0.0000000000000000
0.1063232421875000 0.0000000000000000 0.0000000000000000 0.0000000000000000
0.0969848632812500 0.0000000000000000 0.0000000000000000 0.0000000000000000
0.0422363281250000 0.0000000000000000 0.0000000000000000 0.0000000000000000
0.0333251953125000 0.0000000000000000 0.0000000000000000 0.0000000000000000
0.0725097656250000 0.0000000000000000 0.0000000000000000 0.0000000000000000
0.0733642578125000 0.0000000000000000 0.1285400390625000 0.0000000000000000
0.0000000000000000 0.0000000000000000 0.2199707031250000 0.0963745117187500
0.0208129882812500 0.0000000000000000 0.0000000000000000 0.0000000000000000
0.0369262695312500 0.0000000000000000 0.0000000000000000 0.0000000000000000
0.0277709960937500 0.0000000000000000 0.0000000000000000 0.0000000000000000
0.0029296875000000 0.0000000000000000 0.0000000000000000 0.0132446289062500
0.0087890625000000 0.0000000000000000 0.0000000000000000 0.0206298828125000
0.0033569335937500 0.0000000000000000 0.0000000000000000 0.0255126953125000
0.3145141601562500 0.0789794921875000 0.0000000000000000 0.0195922851562500
0.5081787109375000 0.1950073242187500 0.0301513671875000 0.0000000000000000
0.1148681640625000 0.0000000000000000 0.0000000000000000 0.0000000000000000
0.0808715820312500 0.0000000000000000 0.0000000000000000 0.0000000000000000
0.1671142578125000 0.0003662109375000 0.0041503906250000 0.0000000000000000
0.1388549804687500 0.0000000000000000 0.0000000000000000 0.0000000000000000
0.0815429687500000 0.0000000000000000 0.0000000000000000 0.0000000000000000
0.1657714843750000 0.0000000000000000 0.0000000000000000 0.0000000000000000
0.2197265625000000 0.0000000000000000 0.0479125976562500 0.1285400390625000
0.4041748046875000 0.0000000000000000 0.0000000000000000 0.0031738281250000
0.0247802734375000 0.0000000000000000 0.0000000000000000 0.0000000000000000
0.0209350585937500 0.0000000000000000 0.0000000000000000 0.0000000000000000
0.0035400390625000 0.0000000000000000 0.0000000000000000 0.0178222656250000
0.0120239257812500 0.0000000000000000 0.0000000000000000 0.0172729492187500
0.0166015625000000 0.0000000000000000 0.0000000000000000 0.0194702148437500
0.4819946289062500 0.4190673828125000 0.0000000000000000 0.0000000000000000
0.4922485351562500 0.0000000000000000 0.1220703125000000 0.0000000000000000
0.0825805664062500 0.0531616210937500 0.0000000000000000 0.0000000000000000
0.1715087890625000 0.0000000000000000 0.0000000000000000 0.0000000000000000
0.1434936523437500 0.0000000000000000 0.0449218750000000 0.0000000000000000
0.1805419921875000 0.0000000000000000 0.0051879882812500 0.0000000000000000
0.1679077148437500 0.0000000000000000 0.0162353515625000 0.0000000000000000
0.0359497070312500 0.1620483398437500 0.0000000000000000 0.0000000000000000
0.2018432617187500 0.0000000000000000 0.0031127929687500 0.0000000000000000
0.4533691406250000 0.0000000000000000 0.0000000000000000 0.0546875000000000
0.4779663085937500 0.0000000000000000 0.0000000000000000 0.0568237304687500
0.4653930664062500 0.0000000000000000 0.0000000000000000 0.0000000000000000
0.0180664062500000 0.0000000000000000 0.0000000000000000 0.0115966796875000
0.0346679687500000 0.0000000000000000 0.0000000000000000 0.0180664062500000
0.4452514648437500 0.0127563476562500 0.0000000000000000 0.0134277343750000
0.5842285156250000 0.4696044921875000 0.0000000000000000 0.0000000000000000
0.0000000000000000 0.0000000000000000 0.1651611328125000 0.0000000000000000
0.0834350585937500 0.0520019531250000 0.0092163085937500 0.0000000000000000
0.0000000000000000 0.0416870117187500 0.0418090820312500 0.0000000000000000
0.1005859375000000 0.0000000000000000 0.0417480468750000 0.0000000000000000
0.1050415039062500 0.0000000000000000 0.0759887695312500 0.0000000000000000
0.0000000000000000 0.0000000000000000 0.0582275390625000 0.0000000000000000
0.1921386718750000 0.1198120117187500 0.0000000000000000 0.0000000000000000
0.1622314453125000 0.0000000000000000 0.0000000000000000 0.0000000000000000
0.0748291015625000 0.0393066406250000 0.0000000000000000 0.0000000000000000
0.1573486328125000 0.0424804687500000 0.0147705078125000 0.0000000000000000
0.4363403320312500 0.0000000000000000 0.0000000000000000 0.0078125000000000
