0.1743164062500000
0.0848388671875000
0.0000000000000000
0.0314941406250000
0.2841796875000000
0.0314331054687500
0.0000000000000000
0.0000000000000000
0.1614379882812500
0.0000000000000000
0.0000000000000000
0.0000000000000000
0.0162353515625000
0.0000000000000000
0.0000000000000000
0.0116577148437500
0.0000000000000000
0.0000000000000000
0.0000000000000000
0.0592651367187500
0.0362548828125000
0.0000000000000000
0.0000000000000000
0.0980224609375000
0.0618896484375000
0.0000000000000000
0.0000000000000000
0.0967407226562500
0.0225830078125000
0.0000000000000000
0.0000000000000000
0.0853271484375000
0.0000000000000000
0.0000000000000000
0.0000000000000000
0.0883789062500000
0.0017700195312500
0.0000000000000000
0.0034179687500000
0.0740356445312500
0.0484619140625000
0.0000000000000000
0.0000000000000000
0.0216064453125000
0.0604248046875000
0.0000000000000000
0.0000000000000000
0.0000000000000000
0.0936279296875000
0.0000000000000000
0.0000000000000000
0.0000000000000000
0.0730590820312500
0.0000000000000000
0.0000000000000000
0.0766601562500000
0.1093750000000000
0.0000000000000000
0.0000000000000000
0.0000000000000000
0.2616577148437500
0.1275634765625000
0.0000000000000000
0.0000000000000000
0.2950439453125000
0.0000000000000000
0.0000000000000000
0.0000000000000000
0.2066650390625000
0.0000000000000000
0.0000000000000000
0.0000000000000000
0.0000000000000000
0.0000000000000000
0.0793457031250000
0.0042114257812500
0.0000000000000000
0.0000000000000000
0.0131835937500000
0.0319213867187500
0.0000000000000000
0.0000000000000000
0.0494384765625000
0.0913085937500000
0.0131225585937500
0.0000000000000000
0.0103149414062500
0.0711059570312500
0.0101318359375000
0.0000000000000000
0.0000000000000000
0.0847167968750000
0.0436401367187500
0.0000000000000000
0.0000000000000000
0.0852050781250000
0.0688476562500000
0.0000000000000000
0.0000000000000000
0.0735473632812500
0.0801391601562500
0.0000000000000000
0.0000000000000000
0.0267944335937500
0.0634155273437500
0.0000000000000000
0.0000000000000000
0.0000000000000000
0.0849609375000000
0.0000000000000000
0.0000000000000000
0.0000000000000000
0.0000000000000000
0.0000000000000000
0.0410766601562500
0.0985107421875000
0.0250854492187500
0.0006713867187500
0.0000000000000000
0.0137939453125000
0.2298583984375000
0.1680297851562500
0.0000000000000000
0.0000000000000000
0.2373657226562500
0.0000000000000000
0.0000000000000000
0.0000000000000000
0.0290527343750000
0.0000000000000000
0.0708007812500000
0.0000000000000000
0.0000000000000000
0.0000000000000000
0.1092529296875000
0.0000000000000000
0.0000000000000000
0.0000000000000000
0.0599975585937500
0.0449829101562500
0.0000000000000000
0.0000000000000000
0.0000000000000000
0.0735473632812500
0.0000000000000000
0.0000000000000000
0.0000000000000000
0.0812377929687500
0.0034790039062500
0.0000000000000000
0.0000000000000000
0.0684814453125000
0.0050659179687500
0.0000000000000000
0.0261840820312500
0.0789794921875000
0.0240478515625000
0.0000000000000000
0.0000000000000000
0.0678710937500000
0.0223388671875000
0.0000000000000000
0.0000000000000000
0.0327758789062500
0.0714111328125000
0.0000000000000000
0.0000000000000000
0.0000000000000000
0.1032104492187500
0.0000000000000000
0.0000000000000000
0.0000000000000000
0.0507812500000000
0.0000000000000000
0.0000000000000000
0.1199951171875000
0.0907592773437500
0.0115966796875000
0.0000000000000000
0.0789794921875000
0.1879882812500000
0.1858520507812500
0.0187988281250000
0.0000000000000000
0.0808715820312500
0.0460205078125000
0.0258789062500000
0.0000000000000000
0.1435546875000000
0.0000000000000000
0.0000000000000000
0.0000000000000000
0.5718994140625000
0.0000000000000000
0.0000000000000000
0.0476074218750000
0.6030883789062500
0.0000000000000000
0.0000000000000000
0.0926513671875000
0.5354614257812500
0.0000000000000000
0.0000000000000000
0.1123046875000000
0.4001464843750000
0.0000000000000000
0.0000000000000000
0.1076660156250000
0.1351318359375000
0.0000000000000000
0.0000000000000000
0.0899658203125000
0.1475219726562500
0.0000000000000000
0.0000000000000000
0.0813598632812500
0.3085327148437500
0.0000000000000000
0.0000000000000000
0.0766601562500000
0.4548339843750000
0.0000000000000000
0.0000000000000000
0.0359497070312500
0.5974121093750000
0.0000000000000000
0.0000000000000000
0.0192260742187500
0.3684692382812500
0.0483398437500000
0.0055541992187500
0.0000000000000000
0.0807495117187500
0.0000000000000000
0.0382690429687500
0.0648803710937500
0.1406250000000000
0.0000000000000000
0.0000000000000000
0.0875244140625000
0.1441650390625000
0.3059082031250000
0.0000000000000000
0.0000000000000000
0.1486206054687500
0.1050415039062500
0.1061401367187500
0.0000000000000000
0.0000000000000000
0.0000000000000000
0.2275390625000000
0.0000000000000000
0.4531250000000000
0.0000000000000000
0.4308471679687500
0.0263671875000000
0.4263305664062500
0.1423339843750000
0.3292846679687500
0.0000000000000000
0.0236206054687500
0.0000000000000000
0.1799926757812500
0.0000000000000000
0.2573242187500000
0.0000000000000000
0.0000000000000000
0.0838623046875000
0.1547851562500000
0.0000000000000000
0.0000000000000000
0.1051025390625000
0.2268676757812500
0.0890502929687500
0.0000000000000000
0.0175170898437500
0.5761718750000000
0.0000000000000000
0.0000000000000000
0.0144653320312500
0.7557983398437500
0.0673828125000000
0.2480468750000000
0.0000000000000000
0.4584350585937500
0.0760498046875000
0.3135986328125000
0.0000000000000000
0.3675537109375000
0.0000000000000000
0.0521850585937500
0.0000000000000000
0.2127685546875000
0.0000000000000000
0.0101318359375000
0.0000000000000000
0.0427246093750000
0.0000000000000000
0.0000000000000000
0.0206909179687500
0.2022705078125000
0.2719116210937500
0.0000000000000000
0.0000000000000000
0.2410278320312500
0.0000000000000000
0.1227416992187500
0.0000000000000000
0.2166137695312500
0.3845214843750000
0.0742187500000000
0.0000000000000000
0.6253662109375000
0.1945800781250000
0.2639160156250000
0.0000000000000000
0.6536254882812500
0.0087890625000000
0.4274291992187500
0.0000000000000000
0.1845703125000000
0.0314331054687500
0.2359008789062500
0.0107421875000000
0.0000000000000000
0.1082763671875000
0.0692138671875000
0.0000000000000000
0.0663452148437500
0.0000000000000000
0.0430297851562500
0.1152954101562500
0.2255859375000000
0.0949096679687500
0.1195068359375000
0.0000000000000000
0.1397094726562500
0.1920166015625000
0.0000000000000000
0.0000000000000000
0.4279785156250000
0.0000000000000000
0.0000000000000000
0.0119018554687500
0.6782836914062500
0.0000000000000000
0.0000000000000000
0.0039672851562500
0.4094848632812500
0.0000000000000000
0.0908203125000000
0.0000000000000000
0.0569458007812500
0.0000000000000000
0.1727905273437500
0.0000000000000000
0.0000000000000000
0.0000000000000000
0.0788574218750000
0.0654907226562500
0.1748657226562500
0.0667724609375000
0.0684814453125000
0.0000000000000000
0.0000000000000000
0.0000000000000000
0.1515502929687500
0.0123291015625000
0.0000000000000000
0.2188110351562500
0.2562866210937500
0.0000000000000000
0.0000000000000000
0.0784301757812500
0.5212402343750000
0.0000000000000000
0.0000000000000000
0.0000000000000000
0.5603637695312500
0.0335083007812500
0.0971679687500000
0.0128784179687500
0.1096191406250000
0.0068359375000000
0.1375122070312500
0.0222167968750000
0.0711669921875000
0.0000000000000000
0.0000000000000000
0.0000000000000000
0.1091918945312500
0.0549926757812500
0.1691284179687500
0.0033569335937500
0.1834716796875000
0.0361328125000000
0.0000000000000000
0.3425903320312500
0.2928466796875000
0.0000000000000000
0.0000000000000000
0.4212036132812500
0.4729003906250000
0.0000000000000000
0.0000000000000000
0.2820434570312500
0.5155639648437500
0.0000000000000000
0.0000000000000000
0.0000000000000000
0.2882690429687500
0.0000000000000000
0.0000000000000000
0.0674438476562500
0.2771606445312500
0.0073852539062500
0.0946044921875000
0.0000000000000000
0.0232543945312500
0.1130981445312500
0.2235717773437500
0.0917968750000000
0.0095214843750000
0.0000000000000000
0.0000000000000000
0.0000000000000000
0.0026855468750000
0.0115356445312500
0.0155639648437500
0.0000000000000000
0.0223999023437500
0.0501098632812500
0.0239868164062500
0.0000000000000000
0.0311889648437500
0.0518798828125000
0.1073608398437500
0.0000000000000000
0.0288696289062500
0.0503540039062500
0.2105712890625000
0.0000000000000000
0.0000000000000000
0.0000000000000000
0.1489868164062500
0.0000000000000000
0.1459960937500000
0.0000000000000000
0.0000000000000000
0.0000000000000000
0.0819702148437500
0.0570678710937500
0.0376586914062500
0.0000000000000000
0.0108032226562500
0.0208129882812500
0.0356445312500000
0.0000000000000000
0.0000000000000000
0.1005249023437500
0.0002441406250000
0.0000000000000000
0.0802612304687500
0.0508422851562500
0.0000000000000000
0.0000000000000000
0.1559448242187500
0.0000000000000000
0.0000000000000000
0.0000000000000000
0.1446533203125000
0.0000000000000000
0.0903320312500000
0.0893554687500000
0.1985473632812500
0.0000000000000000
0.1557006835937500
0.0000000000000000
0.0303955078125000
0.0814819335937500
0.3236083984375000
0.1022949218750000
0.0000000000000000
0.0000000000000000
0.0652465820312500
0.0000000000000000
0.0000000000000000
0.0261840820312500
0.1119384765625000
0.0000000000000000
0.0000000000000000
0.0394287109375000
0.0079345703125000
0.0000000000000000
0.0000000000000000
0.0541992187500000
0.0789794921875000
0.0000000000000000
0.0000000000000000
0.0155029296875000
0.1212768554687500
0.0466308593750000
0.0000000000000000
0.0000000000000000
0.0689697265625000
0.0000000000000000
0.1210937500000000
0.0656127929687500
0.0000000000000000
0.0189819335937500
0.0000000000000000
0.0888671875000000
0.1068115234375000
0.0000000000000000
0.0372314453125000
0.0000000000000000
0.0000000000000000
0.0000000000000000
0.0139770507812500
0.0888671875000000
0.0446777343750000
0.0000000000000000
0.0000000000000000
0.0745239257812500
0.0742187500000000
0.0000000000000000
0.0000000000000000
0.0099487304687500
0.1643676757812500
0.0000000000000000
0.0000000000000000
0.0000000000000000
0.1924438476562500
0.0368652343750000
0.2089233398437500
0.0000000000000000
0.0000000000000000
0.0000000000000000
0.0729370117187500
0.0911865234375000
0.1669311523437500
0.2518310546875000
0.0626220703125000
0.0000000000000000
0.0925292968750000
0.0000000000000000
0.0000000000000000
0.0000000000000000
0.1675415039062500
0.0000000000000000
0.0000000000000000
0.0383300781250000
0.0991210937500000
0.0000000000000000
0.0000000000000000
0.0722656250000000
0.0462646484375000
0.0407714843750000
0.0000000000000000
0.0308227539062500
0.3361816406250000
0.1204223632812500
0.0000000000000000
0.0000000000000000
0.3656616210937500
0.0000000000000000
0.0000000000000000
0.0943603515625000
0.6823730468750000
0.0000000000000000
0.0000000000000000
0.1416625976562500
0.6677246093750000
0.0000000000000000
0.0000000000000000
0.0000000000000000
0.2533569335937500
0.0000000000000000
0.0033569335937500
0.1079711914062500
0.0726928710937500
0.0000000000000000
0.0000000000000000
0.0487060546875000
0.2203979492187500
0.0000000000000000
0.0000000000000000
0.0000000000000000
0.2416381835937500
0.0000000000000000
0.0000000000000000
0.0000000000000000
0.1696166992187500
0.0000000000000000
0.1373291015625000
0.0459594726562500
0.0938720703125000
0.0000000000000000
0.0000000000000000
0.1419067382812500
0.1201782226562500
0.3412475585937500
0.2457885742187500
0.0000000000000000
0.0128784179687500
0.1040039062500000
0.1680297851562500
0.0000000000000000
0.0812988281250000
0.0000000000000000
0.0000000000000000
0.0000000000000000
0.0923461914062500
0.0000000000000000
0.0255737304687500
0.0667724609375000
0.0297851562500000
0.0601806640625000
0.0000000000000000
0.0687255859375000
0.0882568359375000
0.2449340820312500
0.2411499023437500
0.0000000000000000
0.0000000000000000
0.2332763671875000
0.4193115234375000
0.0000000000000000
0.0000000000000000
0.1178588867187500
0.4761962890625000
0.0000000000000000
0.0000000000000000
0.1387329101562500
0.4504394531250000
0.0000000000000000
0.0000000000000000
0.0000000000000000
0.2515869140625000
0.0990600585937500
0.1098022460937500
0.0000000000000000
0.0000000000000000
0.0000000000000000
0.2435913085937500
0.0000000000000000
0.0000000000000000
0.0000000000000000
0.2680664062500000
0.0000000000000000
0.0000000000000000
0.0000000000000000
0.1269531250000000
0.0000000000000000
0.1340942382812500
0.0761108398437500
0.0520019531250000
0.0000000000000000
0.0000000000000000
0.0250244140625000
0.1105346679687500
0.4558105468750000
0.2392578125000000
0.0000000000000000
0.2147216796875000
0.1846923828125000
0.1674804687500000
0.0000000000000000
0.0115356445312500
0.0000000000000000
0.0369873046875000
0.0000000000000000
0.0645751953125000
0.0000000000000000
0.0000000000000000
0.0563964843750000
0.1805419921875000
0.0000000000000000
0.0000000000000000
0.0361328125000000
0.2210693359375000
0.0000000000000000
0.0000000000000000
0.0000000000000000
0.3076171875000000
0.0000000000000000
0.1281738281250000
0.0402832031250000
0.3684692382812500
0.0000000000000000
0.1592407226562500
0.0450439453125000
0.3162841796875000
0.0000000000000000
0.0072021484375000
0.0095825195312500
0.1187744140625000
0.0000000000000000
0.0000000000000000
0.0433959960937500
0.1783447265625000
0.0000000000000000
0.0000000000000000
0.0000000000000000
0.2483520507812500
0.0455932617187500
0.0000000000000000
0.0000000000000000
0.1665649414062500
0.0000000000000000
0.2287597656250000
0.0000000000000000
0.0000000000000000
0.0000000000000000
0.1652221679687500
0.0359497070312500
0.0000000000000000
0.0000000000000000
0.0133056640625000
0.0081176757812500
0.1149291992187500
0.4310913085937500
0.0000000000000000
0.0000000000000000
0.2335205078125000
0.1713256835937500
0.0650024414062500
0.0000000000000000
0.0214233398437500
0.0000000000000000
0.0000000000000000
0.0000000000000000
0.0850219726562500
0.0000000000000000
0.0000000000000000
0.0088500976562500
0.3791503906250000
0.0172729492187500
0.0000000000000000
0.0000000000000000
0.5189819335937500
0.0288696289062500
0.0000000000000000
0.0000000000000000
0.6463623046875000
0.0567626953125000
0.0000000000000000
0.0000000000000000
0.6608276367187500
0.0394897460937500
0.0419921875000000
0.0026855468750000
0.5806884765625000
0.0000000000000000
0.0000000000000000
0.0217285156250000
0.5245971679687500
0.0000000000000000
0.0000000000000000
0.0577392578125000
0.2733764648437500
0.0244140625000000
0.0000000000000000
0.0000000000000000
0.1626586914062500
0.0426025390625000
0.0449829101562500
0.0000000000000000
0.0000000000000000
0.0000000000000000
0.2042846679687500
0.0000000000000000
0.0000000000000000
0.0000000000000000
0.0000000000000000
0.0733032226562500
0.0103149414062500
0.0000000000000000
0.0000000000000000
0.0000000000000000
0.0254516601562500
0.3341064453125000
0.0018920898437500
0.0000000000000000
0.0653076171875000
0.3361816406250000
0.1463623046875000
0.0000000000000000
0.0753784179687500
0.0000000000000000
0.0000000000000000
0.0000000000000000
0.0381469726562500
0.0000000000000000
0.0019531250000000
0.0000000000000000
0.0867919921875000
0.0490722656250000
0.0202636718750000
0.0000000000000000
0.1687622070312500
0.0000000000000000
0.1646728515625000
0.0000000000000000
0.1658325195312500
0.0822143554687500
0.3745727539062500
0.0363159179687500
0.1770629882812500
0.3008422851562500
0.4885864257812500
0.0000000000000000
0.1047973632812500
0.2908935546875000
0.3656616210937500
0.0000000000000000
0.0000000000000000
0.0000000000000000
0.3073730468750000
0.0000000000000000
0.1362304687500000
0.0000000000000000
0.0000000000000000
0.0000000000000000
0.0960083007812500
0.0000000000000000
0.0000000000000000
0.0000000000000000
0.0000000000000000
0.0000000000000000
0.1339111328125000
0.0472412109375000
0.0104370117187500
0.0000000000000000
0.0000000000000000
0.0357666015625000
0.0172729492187500
0.0000000000000000
0.0000000000000000
0.0000000000000000
0.0100097656250000
0.0000000000000000
0.0000000000000000
0.0000000000000000
0.0802001953125000
0.3836669921875000
0.0608520507812500
0.0000000000000000
0.1520996093750000
0.1176757812500000
0.0778198242187500
0.0000000000000000
0.0780639648437500
0.0000000000000000
0.0000000000000000
0.0000000000000000
0.0856323242187500
0.0047607421875000
0.0000000000000000
0.0000000000000000
0.0000000000000000
0.0241699218750000
0.2340698242187500
0.0000000000000000
0.4147949218750000
0.1608886718750000
0.2437133789062500
0.0000000000000000
0.6309204101562500
0.1470947265625000
0.2241210937500000
0.0000000000000000
0.5581054687500000
0.0000000000000000
0.2554931640625000
0.0000000000000000
0.0073242187500000
0.0000000000000000
0.0040283203125000
0.0000000000000000
0.1082153320312500
0.0000000000000000
0.0000000000000000
0.0000000000000000
0.0722656250000000
0.0000000000000000
0.1073608398437500
0.0000000000000000
0.0000000000000000
0.0000000000000000
0.1604614257812500
0.0458984375000000
0.0104370117187500
0.0000000000000000
0.0000000000000000
0.0000000000000000
0.0060424804687500
0.0000000000000000
0.0000000000000000
0.0000000000000000
