0.1720315963029861
0.0869382396340370
0.0000000000000000
0.0398800373077393
0.2844151556491852
0.0323164276778698
0.0000000000000000
0.0000000000000000
0.1597975492477417
0.0000000000000000
0.0000000000000000
0.0000000000000000
0.0156933534890413
0.0000000000000000
0.0000000000000000
0.0180753134191036
0.0000000000000000
0.0000000000000000
0.0000000000000000
0.0678884088993073
0.0355017408728600
0.0000000000000000
0.0000000000000000
0.1080254614353180
0.0617592185735703
0.0000000000000000
0.0000000000000000
0.1056015044450760
0.0210688821971416
0.0000000000000000
0.0000000000000000
0.0956792831420898
0.0000000000000000
0.0000000000000000
0.0000000000000000
0.0981984212994576
0.0011846410343423
0.0000000000000000
0.0019291435601190
0.0839116871356964
0.0481726266443729
0.0000000000000000
0.0000000000000000
0.0315844938158989
0.0608065985143185
0.0000000000000000
0.0000000000000000
0.0000000000000000
0.0947438776493073
0.0000000000000000
0.0000000000000000
0.0000000000000000
0.0754394903779030
0.0000000000000000
0.0000000000000000
0.0848269760608673
0.1081140264868736
0.0000000000000000
0.0000000000000000
0.0000000000000000
0.2593096792697906
0.1303661316633224
0.0000000000000000
0.0000000000000000
0.2951368689537048
0.0000000000000000
0.0000000000000000
0.0000000000000000
0.2037326991558075
0.0000000000000000
0.0000000000000000
0.0000000000000000
0.0000000000000000
0.0000000000000000
0.0784836933016777
0.0093095414340496
0.0000000000000000
0.0000000000000000
0.0136880883947015
0.0403894744813442
0.0000000000000000
0.0000000000000000
0.0509133301675320
0.1018624678254128
0.0152936605736613
0.0000000000000000
0.0092664379626513
0.0799111574888229
0.0120710628107190
0.0000000000000000
0.0000000000000000
0.0947478860616684
0.0464336946606636
0.0000000000000000
0.0000000000000000
0.0960006192326546
0.0727110058069229
0.0000000000000000
0.0000000000000000
0.0839053541421890
0.0770203620195389
0.0000000000000000
0.0000000000000000
0.0367395356297493
0.0658402964472771
0.0000000000000000
0.0000000000000000
0.0000000000000000
0.0846332907676697
0.0000000000000000
0.0000000000000000
0.0000000000000000
0.0000000000000000
0.0000000000000000
0.0435607694089413
0.1058589890599251
0.0236421450972557
0.0006863058079034
0.0000000000000000
0.0221728254109621
0.2324645370244980
0.1665982604026794
0.0000000000000000
0.0000000000000000
0.2384415119886398
0.0000000000000000
0.0000000000000000
0.0000000000000000
0.0345068722963333
0.0000000000000000
0.0686496496200562
0.0000000000000000
0.0000000000000000
0.0000000000000000
0.1083421707153320
0.0000000000000000
0.0000000000000000
0.0000000000000000
0.0610873587429523
0.0544400326907635
0.0000000000000000
0.0000000000000000
0.0000000000000000
0.0842164531350136
0.0000000000000000
0.0000000000000000
0.0000000000000000
0.0906493812799454
0.0007232616189867
0.0000000000000000
0.0000000000000000
0.0779487788677216
0.0021980588790029
0.0000000000000000
0.0269509702920914
0.0901093408465385
0.0259999893605709
0.0000000000000000
0.0000000000000000
0.0775812715291977
0.0237234234809875
0.0000000000000000
0.0000000000000000
0.0430673137307167
0.0695290490984917
0.0034038999583572
0.0000000000000000
0.0000000000000000
0.1028496623039246
0.0000000000000000
0.0000000000000000
0.0000000000000000
0.0529283508658409
0.0000000000000000
0.0000000000000000
0.1279329955577850
0.0906675383448601
0.0130366040393710
0.0000000000000000
0.0880140438675880
0.1882375478744507
0.1846567392349243
0.0145954601466656
0.0000000000000000
0.0818653479218483
0.0487532280385494
0.0275209099054337
0.0000000000000000
0.1422355324029922
0.0000000000000000
0.0000000000000000
0.0000000000000000
0.5753374099731445
0.0000000000000000
0.0000000000000000
0.0511088483035564
0.6034294366836548
0.0000000000000000
0.0000000000000000
0.0967336744070053
0.5359138846397400
0.0000000000000000
0.0000000000000000
0.1185534596443176
0.3991189599037170
0.0000000000000000
0.0000000000000000
0.1170973256230354
0.1381835937500000
0.0000000000000000
0.0000000000000000
0.0998977497220039
0.1523696631193161
0.0000000000000000
0.0000000000000000
0.0913821980357170
0.3091382086277008
0.0000000000000000
0.0000000000000000
0.0847789198160172
0.4588028192520142
0.0000000000000000
0.0000000000000000
0.0458369255065918
0.5980345606803894
0.0000000000000000
0.0000000000000000
0.0234274342656136
0.3655959963798523
0.0526770576834679
0.0053892624564469
0.0000000000000000
0.0775862485170364
0.0000000000000000
0.0379754528403282
0.0706417709589005
0.1366864293813705
0.0000000000000000
0.0000000000000000
0.0957797393202782
0.1470319330692291
0.3114475309848785
0.0000000000000000
0.0000000000000000
0.1492160856723785
0.1043783500790596
0.1080131009221077
0.0000000000000000
0.0000000000000000
0.0000000000000000
0.2269886732101440
0.0000000000000000
0.4582995474338531
0.0000000000000000
0.4331076145172119
0.0302382688969374
0.4262265563011169
0.1462459266185760
0.3307165503501892
0.0000000000000000
0.0233987160027027
0.0000000000000000
0.1792691797018051
0.0000000000000000
0.2600294351577759
0.0000000000000000
0.0000000000000000
0.0912245437502861
0.1581121385097504
0.0000000000000000
0.0000000000000000
0.1125578731298447
0.2312960773706436
0.0924415215849876
0.0000000000000000
0.0264156330376863
0.5795633196830750
0.0000000000000000
0.0000000000000000
0.0207790881395340
0.7603918910026550
0.0711506232619286
0.2520281076431274
0.0000000000000000
0.4601815640926361
0.0806711837649345
0.3177126646041870
0.0000000000000000
0.3732672631740570
0.0000000000000000
0.0518804714083672
0.0000000000000000
0.2159649580717087
0.0000000000000000
0.0108316726982594
0.0000000000000000
0.0471626892685890
0.0000000000000000
0.0000000000000000
0.0283201225101948
0.2029444426298141
0.2713294327259064
0.0000000000000000
0.0000000000000000
0.2429022490978241
0.0000000000000000
0.1252487152814865
0.0000000000000000
0.2186543792486191
0.3925128579139709
0.0750627294182777
0.0000000000000000
0.6287985444068909
0.1966560631990433
0.2667770683765411
0.0000000000000000
0.6581476926803589
0.0133991111069918
0.4324169754981995
0.0000000000000000
0.1885664165019989
0.0333662033081055
0.2371791005134583
0.0174700189381838
0.0000000000000000
0.1105130091309547
0.0682104453444481
0.0000000000000000
0.0688071697950363
0.0000000000000000
0.0436074621975422
0.1241651549935341
0.2218631356954575
0.0963922291994095
0.1210210397839546
0.0000000000000000
0.1373107731342316
0.1931172758340836
0.0000000000000000
0.0000000000000000
0.4340915381908417
0.0000000000000000
0.0000000000000000
0.0146063836291432
0.6870338916778564
0.0000000000000000
0.0000000000000000
0.0083130626007915
0.4148031473159790
0.0000000000000000
0.0954372212290764
0.0000000000000000
0.0581629537045956
0.0000000000000000
0.1713665872812271
0.0000000000000000
0.0000000000000000
0.0000000000000000
0.0837763324379921
0.0734324678778648
0.1757305860519409
0.0696817263960838
0.0704563707113266
0.0000000000000000
0.0000000000000000
0.0000000000000000
0.1569118350744247
0.0200089178979397
0.0000000000000000
0.2255321443080902
0.2560538649559021
0.0000000000000000
0.0000000000000000
0.0813431441783905
0.5217334032058716
0.0000000000000000
0.0000000000000000
0.0000000000000000
0.5638089179992676
0.0435006059706211
0.0951258242130280
0.0140290195122361
0.1122462376952171
0.0134194716811180
0.1353438645601273
0.0247143153101206
0.0715600475668907
0.0000000000000000
0.0000000000000000
0.0000000000000000
0.1120808050036430
0.0631560459733009
0.1717391908168793
0.0031622024253011
0.1813459992408752
0.0433680824935436
0.0000000000000000
0.3466920852661133
0.2940737009048462
0.0000000000000000
0.0000000000000000
0.4285278618335724
0.4783029556274414
0.0000000000000000
0.0000000000000000
0.2857176065444946
0.5183843374252319
0.0000000000000000
0.0000000000000000
0.0000000000000000
0.2910707592964172
0.0000000000000000
0.0000000000000000
0.0666040480136871
0.2786458432674408
0.0155669264495373
0.0947376713156700
0.0000000000000000
0.0192825011909008
0.1227503269910812
0.2243631333112717
0.0967494174838066
0.0094789611175656
0.0000000000000000
0.0000000000000000
0.0000000000000000
0.0004547521530185
0.0187905021011829
0.0149432467296720
0.0000000000000000
0.0208625700324774
0.0579873435199261
0.0234040860086679
0.0000000000000000
0.0330715253949165
0.0602822639048100
0.1092805266380310
0.0000000000000000
0.0317159928381443
0.0602313652634621
0.2138300091028214
0.0000000000000000
0.0000000000000000
0.0000000000000000
0.1475264579057693
0.0000000000000000
0.1427268683910370
0.0000000000000000
0.0000000000000000
0.0000000000000000
0.0812733694911003
0.0647808089852333
0.0371825434267521
0.0000000000000000
0.0103094168007374
0.0270715989172459
0.0321638137102127
0.0000000000000000
0.0001313344982918
0.1099715605378151
0.0000000000000000
0.0000000000000000
0.0803490430116653
0.0590161494910717
0.0000000000000000
0.0000000000000000
0.1562104672193527
0.0046528484672308
0.0000000000000000
0.0000000000000000
0.1425360888242722
0.0000000000000000
0.0885151028633118
0.0907912254333496
0.1977357715368271
0.0027329386211932
0.1550823301076889
0.0000000000000000
0.0274915341287851
0.0907354280352592
0.3266110718250275
0.1047764644026756
0.0000000000000000
0.0000000000000000
0.0669612213969231
0.0000000000000000
0.0000000000000000
0.0316696092486382
0.1136702075600624
0.0000000000000000
0.0000000000000000
0.0477138757705688
0.0100970258936286
0.0000000000000000
0.0000000000000000
0.0627170354127884
0.0851889625191689
0.0000000000000000
0.0000000000000000
0.0253309160470963
0.1262550950050354
0.0476082526147366
0.0000000000000000
0.0000000000000000
0.0706809237599373
0.0000000000000000
0.1211359426379204
0.0731812864542007
0.0000000000000000
0.0211904887109995
0.0000000000000000
0.0990713462233543
0.1072256639599800
0.0000000000000000
0.0400438681244850
0.0000000000000000
0.0000000000000000
0.0000000000000000
0.0136803267523646
0.0970476344227791
0.0413834713399410
0.0000000000000000
0.0000000000000000
0.0843532234430313
0.0794275999069214
0.0000000000000000
0.0000000000000000
0.0190368425101042
0.1661483049392700
0.0000000000000000
0.0000000000000000
0.0000000000000000
0.1923298984766006
0.0394054949283600
0.2073086947202682
0.0000000000000000
0.0000000000000000
0.0000000000000000
0.0693873763084412
0.0988173037767410
0.1658843159675598
0.2547437548637390
0.0601715035736561
0.0000000000000000
0.0916443392634392
0.0000000000000000
0.0000000000000000
0.0000000000000000
0.1647695451974869
0.0000000000000000
0.0000000000000000
0.0454944372177124
0.1006547212600708
0.0000000000000000
0.0000000000000000
0.0818222463130951
0.0456222705543041
0.0365494452416897
0.0000000000000000
0.0391257144510746
0.3399567902088165
0.1231856122612953
0.0000000000000000
0.0000000000000000
0.3693078160285950
0.0000000000000000
0.0000000000000000
0.1008793860673904
0.6848886013031006
0.0000000000000000
0.0000000000000000
0.1497887074947357
0.6690669059753418
0.0000000000000000
0.0000000000000000
0.0000000000000000
0.2554025352001190
0.0000000000000000
0.0027450125198811
0.1165593340992928
0.0757479295134544
0.0000000000000000
0.0000000000000000
0.0581497885286808
0.2192419469356537
0.0000000000000000
0.0000000000000000
0.0063951015472412
0.2410070002079010
0.0000000000000000
0.0000000000000000
0.0000000000000000
0.1673713624477386
0.0000000000000000
0.1402504146099091
0.0526239685714245
0.0931484773755074
0.0000000000000000
0.0000000000000000
0.1494192928075790
0.1227663084864616
0.3451642096042633
0.2478063702583313
0.0000000000000000
0.0184378772974014
0.1070567518472672
0.1653086245059967
0.0000000000000000
0.0830104798078537
0.0000000000000000
0.0000000000000000
0.0000000000000000
0.0934434682130814
0.0000000000000000
0.0275805760174990
0.0726401880383492
0.0311434436589479
0.0595802851021290
0.0000000000000000
0.0773137733340263
0.0894421115517616
0.2473146766424179
0.2445559650659561
0.0000000000000000
0.0000000000000000
0.2340903729200363
0.4209636747837067
0.0000000000000000
0.0000000000000000
0.1185971274971962
0.4789419472217560
0.0000000000000000
0.0000000000000000
0.1378146559000015
0.4520326852798462
0.0000000000000000
0.0000000000000000
0.0000000000000000
0.2526333630084991
0.1087098121643066
0.1089677140116692
0.0000000000000000
0.0000000000000000
0.0000000000000000
0.2433795779943466
0.0000000000000000
0.0000000000000000
0.0000000000000000
0.2724199891090393
0.0000000000000000
0.0000000000000000
0.0000000000000000
0.1250402778387070
0.0000000000000000
0.1331957578659058
0.0833765640854836
0.0559232309460640
0.0000000000000000
0.0000000000000000
0.0325398892164230
0.1131012588739395
0.4595209360122681
0.2379831671714783
0.0000000000000000
0.2135232836008072
0.1919887512922287
0.1652278602123260
0.0000000000000000
0.0118534630164504
0.0000000000000000
0.0343720540404320
0.0000000000000000
0.0660321116447449
0.0000000000000000
0.0000000000000000
0.0622900612652302
0.1806226372718811
0.0000000000000000
0.0000000000000000
0.0445671230554581
0.2234420180320740
0.0000000000000000
0.0000000000000000
0.0049687484279275
0.3104426264762878
0.0000000000000000
0.1259443908929825
0.0480885170400143
0.3690477311611176
0.0000000000000000
0.1603653728961945
0.0510612912476063
0.3171171844005585
0.0000000000000000
0.0067574982531369
0.0189318079501390
0.1157428026199341
0.0000000000000000
0.0000000000000000
0.0514065697789192
0.1804977208375931
0.0000000000000000
0.0000000000000000
0.0000000000000000
0.2485124468803406
0.0478205867111683
0.0000000000000000
0.0000000000000000
0.1685194224119186
0.0000000000000000
0.2289142608642578
0.0000000000000000
0.0000000000000000
0.0000000000000000
0.1646322309970856
0.0412543714046478
0.0032691552769393
0.0000000000000000
0.0117613039910793
0.0155837107449770
0.1159698665142059
0.4363124668598175
0.0000000000000000
0.0000000000000000
0.2347996979951859
0.1758633553981781
0.0632264092564583
0.0000000000000000
0.0173974838107824
0.0000000000000000
0.0000000000000000
0.0000000000000000
0.0864093080163002
0.0000000000000000
0.0000000000000000
0.0161976609379053
0.3802769184112549
0.0158665794879198
0.0000000000000000
0.0000000000000000
0.5199320316314697
0.0278839636594057
0.0000000000000000
0.0000000000000000
0.6465036869049072
0.0567246116697788
0.0000000000000000
0.0000000000000000
0.6642401814460754
0.0386361517012119
0.0397497713565826
0.0058526513166726
0.5814875960350037
0.0000000000000000
0.0000000000000000
0.0279389582574368
0.5282232761383057
0.0000000000000000
0.0000000000000000
0.0627856403589249
0.2730585336685181
0.0262449346482754
0.0000000000000000
0.0029467327985913
0.1595164984464645
0.0452583655714989
0.0444648563861847
0.0000000000000000
0.0000000000000000
0.0000000000000000
0.2045427262783051
0.0000000000000000
0.0018797233933583
0.0000000000000000
0.0000000000000000
0.0808252766728401
0.0130459377542138
0.0000000000000000
0.0000000000000000
0.0000000000000000
0.0227759387344122
0.3386613726615906
0.0014110447373241
0.0000000000000000
0.0616390444338322
0.3406704664230347
0.1454517841339111
0.0000000000000000
0.0768099948763847
0.0000000000000000
0.0000000000000000
0.0000000000000000
0.0393078662455082
0.0000000000000000
0.0003834235831164
0.0000000000000000
0.0906951874494553
0.0488143861293793
0.0172147527337074
0.0000000000000000
0.1676953732967377
0.0000000000000000
0.1638072282075882
0.0000000000000000
0.1668458878993988
0.0870831757783890
0.3778072893619537
0.0413408614695072
0.1767695397138596
0.3021477758884430
0.4902845621109009
0.0000000000000000
0.1003797948360443
0.2960576117038727
0.3644473850727081
0.0000000000000000
0.0000000000000000
0.0000000000000000
0.3074591755867004
0.0036905161105096
0.1412039548158646
0.0000000000000000
0.0000000000000000
0.0000000000000000
0.0979029685258865
0.0000000000000000
0.0000000000000000
0.0000000000000000
0.0000000000000000
0.0000000000000000
0.1345915496349335
0.0536455735564232
0.0123212821781635
0.0000000000000000
0.0000000000000000
0.0436079539358616
0.0174644775688648
0.0000000000000000
0.0000000000000000
0.0000000000000000
0.0100611643865705
0.0000000000000000
0.0000000000000000
0.0000000000000000
0.0839362516999245
0.3895920515060425
0.0591265074908733
0.0000000000000000
0.1494894474744797
0.1173633858561516
0.0782719776034355
0.0000000000000000
0.0777992010116577
0.0000000000000000
0.0000000000000000
0.0000000000000000
0.0858009755611420
0.0046525141224265
0.0000000000000000
0.0000000000000000
0.0000000000000000
0.0247710403054953
0.2356790751218796
0.0000000000000000
0.4168405830860138
0.1615012139081955
0.2446522861719131
0.0000000000000000
0.6341750621795654
0.1477004438638687
0.2251025885343552
0.0000000000000000
0.5544962286949158
0.0000000000000000
0.2552970349788666
0.0000000000000000
0.0067137829028070
0.0000000000000000
0.0046723703853786
0.0000000000000000
0.1051655933260918
0.0000000000000000
0.0000000000000000
0.0000000000000000
0.0705324783921242
0.0000000000000000
0.1079372540116310
0.0000000000000000
0.0000000000000000
0.0000000000000000
0.1606070995330811
0.0524568110704422
0.0111482869833708
0.0000000000000000
0.0000000000000000
0.0000000000000000
0.0025198175571859
0.0000000000000000
0.0000000000000000
0.0000000000000000
