0000 0000 0000 0204
0630 0000 0000 0000
114d 0203 0000 0000
1230 0000 0000 0000
0656 0000 0000 0000
0a55 0000 0000 0000
00ab 0000 0000 0000
0025 0000 0000 00bf
0000 0000 0000 01a9
0000 0000 0000 03a2
0000 0000 0000 0417
0000 0000 0000 0556
0000 0000 0000 05c4
0000 0000 0000 04d7
0022 0000 0000 055f
00f0 0000 0000 0576
0000 0000 0000 04a3
0000 0000 0000 0413
0000 0000 0038 03a2
0000 0000 0000 0367
0000 0000 0000 0112
0000 0000 0000 0000
0000 0000 0000 0000
027e 0000 0000 0000
055f 0000 0000 0000
03cc 0000 0000 0000
04ad 0000 0000 04e8
0480 0000 0000 0370
0700 0000 0000 0000
028b 0000 0000 0000
01cc 0000 0000 0199
0b28 056e 0000 0000
0f84 0000 0000 0000
0a0c 0000 0000 0000
0000 0000 0000 0000
07ed 0000 0000 0000
010a 0000 0000 0000
0056 0000 0000 0000
0000 0000 0000 0222
0000 0000 0000 03cb
0252 0000 0000 0457
016e 0000 0000 0646
007c 0000 0000 0631
03f6 0000 0000 04ee
0172 0000 0000 045c
000b 0000 0000 053b
0000 0000 0000 05a8
0000 0000 0000 0540
0000 0000 0000 04bd
001d 0000 0000 03e4
01d6 0000 0000 0162
031a 0000 0000 0000
03de 0000 0000 0000
03c3 0000 0000 0000
05f5 0000 0000 0000
05fe 0000 0000 0000
04a2 0000 0000 02eb
032c 0000 0000 02e3
0425 0000 0000 0000
035c 0000 0000 0000
06ff 0000 0000 0000
10bf 082a 0000 0000
1058 0000 0000 0000
0517 0000 0000 0000
0a4b 0000 0000 0000
075b 0000 0000 0000
0000 0000 0173 0000
0000 0000 0000 0045
0000 0000 0000 01fa
0000 0000 0000 020b
0000 0000 0000 031b
0000 0000 0000 05d8
0000 0000 0000 0404
00d7 0000 0000 045d
0000 0000 0000 04b9
0000 0000 0000 04c8
0000 0000 0000 055b
02cb 0000 0000 0574
0468 0000 0000 04b5
032a 0000 0000 037f
0521 0000 0000 01b7
042a 0000 0000 0000
040f 0000 0000 0000
035b 0000 0000 0000
048b 0000 0000 0000
03fc 0000 0000 0000
0000 0000 017b 00e7
0000 0000 00e8 039c
0000 0000 0000 0000
0000 000b 0000 0000
076d 0000 0000 0000
0d72 0713 0000 0000
12e2 0000 0000 0000
0ae3 0000 0000 0000
0d3a 0000 0000 0000
01ab 0000 0000 0000
0000 0000 0514 0000
0000 0000 0000 0000
0000 0000 0008 009a
0000 0000 00d8 0192
0000 0000 032a 044c
0000 0000 0000 0458
0000 0000 00a9 0346
0000 0000 0000 048d
0000 0000 0000 056c
00a6 0000 0000 04b7
0077 0000 0000 03df
0000 0000 0000 03cf
00f8 0000 0000 0434
012c 0000 0000 024f
02af 0000 0000 010f
01b8 0000 0000 0000
0126 0000 0000 0000
015b 0000 0000 0000
0400 0000 0000 0000
0570 0000 0000 0000
0000 0000 02a1 018e
0000 0000 0000 064e
0000 0000 0000 00e2
019b 0000 0000 0000
09fe 030f 0000 0000
0eb6 0460 0000 0000
0f31 0000 0000 0000
07dc 0000 0000 0000
01dc 0000 037a 0000
0000 0000 002f 0000
0000 0000 05d3 0000
0000 0000 057e 0000
0000 0000 03ce 0083
0000 0000 0341 02e0
0000 0000 0000 04a0
0000 0000 0000 0497
0000 0000 0000 04bf
0000 0000 0000 04a6
0000 0000 0000 03e3
0000 0000 0000 0462
0053 0000 0000 0370
0000 0000 01ad 041c
0000 0000 0000 03b2
0000 0000 0000 0135
0000 0000 0000 0144
0000 0000 0000 0000
017d 0000 0000 0000
0492 0000 0000 0000
069b 0000 0000 0000
05ff 0000 0000 0000
026e 0000 0000 0128
021e 0000 0000 07ae
0342 0000 0000 0229
0458 00be 0000 0000
067e 0ac1 0000 0000
091e 0a6a 0000 0000
084f 0000 0000 0000
0368 0000 0000 0000
0000 0000 0488 0000
0000 0000 0403 0000
0000 0000 06fe 0000
0000 0000 0616 0000
0000 0000 03d7 0180
0000 0000 002c 02e1
0000 0000 0000 0435
0000 0000 0000 04b5
0000 0000 0000 0533
0000 0000 0000 04ee
0039 0000 0000 044d
0000 0000 0000 0385
0000 0000 0000 04ac
0000 0000 0000 050e
0000 0000 0000 0458
018a 0000 0000 0221
008f 0000 0000 0219
016e 0000 0000 0000
00cd 0000 0000 0000
0378 0000 0000 0000
0314 0000 0000 0000
0428 0000 0000 0000
0340 0000 0000 0000
022e 0000 0000 058e
038f 0000 0000 050e
05cf 0000 0000 0000
02bb 0be5 0000 0000
0494 0b19 0134 0000
00a1 0178 0000 0000
00b4 0000 01a8 0000
0268 0000 0000 0000
0930 0000 0000 0000
1b8b 0000 0000 01e0
249a 0000 0000 030c
2699 0000 0000 039f
24f7 0000 0000 05ee
1967 0000 0000 0644
0d5e 0000 0000 0609
079a 0000 0000 05bc
04aa 0000 0000 05d8
03f8 0000 0000 049c
03b9 0000 0000 04ae
01e2 0000 0000 0484
05be 0000 0000 0535
05e2 0000 0000 04e8
0532 0000 0000 01c2
0362 0000 0000 024d
0354 0000 0000 0073
0096 0000 0000 0000
0000 0000 0000 0000
0000 00d5 005b 0000
0000 0318 0000 0000
052b 0000 0000 0000
034b 0000 0000 0427
0476 0000 0000 059a
0900 0000 0000 0000
082e 0286 0000 0000
0c08 0b14 0000 0000
0373 02f2 001d 0000
052d 0000 0000 0000
057f 0000 0000 0000
08d4 0000 0000 0000
0403 0000 0000 0000
0420 0000 0000 0000
08ef 0000 0000 0000
0f32 0000 0000 0000
2018 0000 0000 0430
2245 0000 0000 0730
199c 0000 0000 06e4
1076 0000 0000 05a4
08a6 0000 0000 05c2
03f3 0000 0000 048a
0510 0000 0000 0235
0971 0000 0000 023b
0c8d 0000 0000 0489
13bf 0000 0000 02b9
10c0 0000 0000 0137
1d1c 0000 0000 016d
263c 0000 0000 013b
23db 0000 0000 0007
1795 0000 0000 0000
09e4 0000 0000 0000
023b 0000 0273 0000
0000 0000 0000 0099
01ef 0000 0000 033d
04b2 0000 0000 0000
0281 0000 0000 0000
02d4 1394 0000 0000
0081 06b9 06cb 0000
01e2 0000 0000 0000
0000 0000 05ad 0000
0000 0000 0e90 0000
0000 0000 138e 0000
0000 0000 1b93 0000
0000 081f 1513 0000
0000 091c 0dc1 0000
0000 0000 060a 0000
0183 0000 0000 0000
0d8d 0000 0000 02a9
1078 0000 0000 055e
09e8 0000 0000 06ba
0915 0000 0000 03dd
09df 0000 0000 011f
0e85 0000 0000 0000
124c 0000 0000 0000
24e0 0000 0000 00ed
305f 0000 0000 0000
2bb0 0000 0000 0000
1d57 0000 0000 0000
12f2 0000 0000 0000
134f 0000 0000 0000
1786 0000 0000 0000
0d9e 0000 0000 0000
0000 0000 00a6 0000
0000 0000 0000 0153
02bc 0000 0000 00f7
0000 0000 0000 0000
093a 10d4 0000 0000
0983 0000 047a 0000
0000 0000 019f 0000
0000 0000 0498 0000
0000 0000 0000 0000
0f07 0000 0000 0000
1d00 0000 0000 01b0
1a0f 0000 0000 0000
1b49 0000 0000 0000
00f5 0000 0b85 0000
0000 0000 02ef 0000
0000 0000 0000 0000
045b 0000 0000 037e
04a4 0000 0000 0696
0000 0000 0000 00ba
02fe 0000 0000 0000
0e07 05b3 0000 0000
1742 0000 0000 0000
0c26 0000 0000 0000
03b2 0433 01a2 0000
0000 0450 0fe0 0000
0000 0290 1412 0000
0000 04de 0c72 0000
0000 0000 0357 0000
0000 0000 0000 0000
0603 0000 0000 0000
0133 0000 0000 0000
0000 0000 0000 0035
0000 0000 0000 00bd
0000 0000 0000 0000
0a28 1167 0000 0000
0f6d 0000 03db 0000
0000 0000 0096 0000
0000 0000 0000 0000
0ddd 0114 0000 0000
1af5 0000 0000 0000
2806 0000 0000 0000
29d5 0000 0000 0000
1f58 0000 0000 0000
0bd0 0000 0000 0000
0000 00ae 0000 0000
0000 0000 00ab 0000
0000 0000 03f0 0000
0000 0000 0000 0761
033d 0000 0000 041a
0261 0016 0000 0000
0e70 0456 0000 0000
08f1 0000 0000 0000
00bf 055b 0000 0000
0822 0000 0000 0000
0e3b 0000 0000 00c3
1096 0000 0000 0041
0f27 0000 0000 0000
0868 0000 0000 0000
0000 0000 05d0 0000
0000 0000 0012 0000
0000 0000 0329 0000
0000 0000 050c 0071
0000 0000 001b 008f
0b33 0000 0000 0000
0cf2 0918 0000 0000
0626 0000 0733 0000
0000 0000 07db 0000
0000 039c 04c0 0000
0000 189c 02b5 0000
0000 075f 10e4 0000
0000 0c74 0c4e 0000
0000 0090 1b5b 0000
0000 0000 1ad4 0000
0000 0000 0f19 00b0
0000 0203 0172 0000
0000 06ee 01fc 0000
0000 0000 046e 0000
0000 0000 02c1 06c3
043f 0000 0000 0576
0bed 0613 0000 0000
02dd 0000 07a6 0000
0000 0459 0000 0000
0043 0c4a 0000 0000
15a5 0000 0000 0000
1b64 0000 0000 0000
2b69 0000 0000 0000
2784 0000 0000 0000
1a35 0000 0000 0000
0d1c 0000 0000 0000
03a5 0000 0000 0000
0000 0000 0b0f 0000
0000 0000 026f 0431
0000 0000 0000 0000
0b31 0000 0000 0000
0ac3 0407 0000 0000
0000 0000 09b3 0000
0000 0000 099d 0000
0000 0000 095b 0000
0000 0e01 1067 0000
0000 0505 2089 0000
0000 030e 215c 0000
0000 0000 23dd 0000
0000 0000 1b95 00d3
0000 0000 0704 0070
0000 00d3 0000 0000
0034 016c 0000 0000
0000 0000 048e 0000
0000 0000 06fd 0385
0000 0000 0000 0352
0ad3 0037 0000 0000
0000 0000 0bbe 0000
0000 087a 0000 0000
0000 15ed 10d5 0000
0000 1af5 19b6 0000
0000 0e07 1b09 0000
0000 120d 10dd 0000
0000 0000 11a8 0000
0000 0000 0115 0000
0000 0000 0042 0000
0000 0000 0000 0000
0000 0000 0f8a 0000
0000 0000 0000 073d
0000 0000 017d 0000
0000 0446 0000 0000
0898 0000 0462 0000
0000 0000 04f2 0000
0000 0000 012f 00ca
0000 0000 01a8 0000
0000 0000 0787 0000
0000 0000 1043 0000
0000 0000 0e28 0000
0000 0000 0a92 00d1
0000 0000 0177 0225
0000 0000 0000 0000
0638 0000 0000 0000
08cd 0073 0000 0000
021e 0000 046e 0000
0000 0000 0240 0296
0000 0000 0000 0000
06e3 0000 0000 0000
0000 0000 0455 0250
0000 0000 0000 0000
0000 00af 12be 0000
0000 07d9 196b 0000
0000 0cba 1e44 0000
0000 08b8 20ff 0000
0000 0000 1d77 0000
0000 0000 1273 0000
0000 0000 08bb 0000
0000 0451 0171 0000
0000 0000 11bd 0079
0000 0000 0000 0708
060e 0000 0000 0000
02b5 0000 0000 0000
0e4f 0000 009c 0000
0000 0000 0000 0000
0000 0000 0000 00bc
0000 0000 0000 0136
0000 0000 016f 01c7
0000 0000 0125 01c0
0000 0000 01ff 0189
0000 0000 01d9 026b
0000 0000 0000 0179
048f 0000 0000 0000
0b8f 0000 0000 0000
0989 0000 0000 0000
02b8 0000 0533 0000
0000 0000 02b3 0361
0000 0000 0000 0000
0269 0000 0000 0000
0217 0000 0000 0155
00a2 0000 0000 04f1
0248 0000 0000 0341
0000 0000 0352 0083
0000 0000 0523 0000
0000 0000 09d7 0000
0000 0000 09fb 0000
0000 0000 0942 0000
0000 0000 038e 0000
0000 0469 0000 0000
0000 0000 0cb5 0000
0000 0000 0000 0537
09f7 0000 0000 0000
028e 05e0 0000 0000
09df 0000 0008 0000
0000 0000 002c 0000
0000 0000 0000 00bd
0000 0000 0000 0250
00ff 0000 0000 0335
0189 0000 0000 0352
0189 0000 0000 02eb
0180 0000 0000 0339
06df 0000 0000 0000
0d7a 0000 0000 0000
0a01 0000 0000 0000
041d 0000 0000 0000
0000 0000 0958 0000
0000 0000 053f 03a7
0000 0000 0000 0000
01a3 0000 00b1 0000
005a 0000 0000 0000
0000 0000 0000 03cb
0000 0000 0000 066f
0004 0000 0000 0341
0000 0000 0000 0159
0000 0000 0000 0000
0000 0000 0000 0000
0000 0000 0091 0000
0000 0000 0000 0000
05c0 05b8 0000 0000
05c8 0000 043a 0000
006c 0000 0000 033c
069f 0000 01f2 0000
039b 068c 0000 0000
05bf 0000 0000 0000
0264 0000 0000 0000
0367 0000 0000 01ad
009c 0000 0000 00cb
0104 0000 0000 0286
0000 0000 0000 028e
0000 0000 0000 032d
00ad 0000 0000 00fe
050e 0000 0000 0000
07c3 0166 0000 0000
0727 0000 0000 0000
03af 0000 0000 0000
0000 0000 07c0 0086
0000 0000 0000 0450
0000 0137 0000 0000
06d6 0000 0003 0000
0000 0000 0262 0000
0000 0000 00e5 034f
0000 0000 0000 05b0
02aa 0000 0000 04c5
02dc 0000 0000 0285
029e 0000 0000 00a3
01de 0000 0000 0000
0205 0000 0000 0000
0680 0000 0000 0000
0b2e 025c 0000 0000
0507 0000 0760 0000
0000 0000 0000 013a
0000 0000 04ab 0101
14b6 04be 0000 0000
0ab3 0000 0000 0000
01b1 0000 0000 0000
042d 0000 0000 0048
072a 0000 0000 018d
02ad 0000 0000 0254
0082 0000 0000 0335
0047 0000 0000 0378
0318 0000 0000 0000
0365 0000 0000 0000
01ae 02fc 0000 0000
02bf 0000 0000 0000
046a 0000 0000 0000
0000 0000 0522 0433
0000 0000 0000 05b0
0000 012f 0000 0000
0000 0000 017d 0000
0000 0000 0087 0000
0000 0000 0010 01cd
0000 0000 0000 0400
0000 0000 0000 03bb
0000 0000 0000 0213
00ec 0000 0000 005c
04c0 0000 0000 0000
0928 0000 0000 0000
0a85 0000 0000 0000
0c51 01b7 0000 0000
0108 0000 0d5f 0000
0000 0000 0295 05d6
0000 0000 00d8 01f8
0aaf 07e3 0000 0000
007f 0000 00a0 0000
03f7 0000 0000 0000
05ec 0000 0000 0000
0ab9 0000 0000 00d8
08ca 0000 0000 0274
0658 0000 0000 04a0
017c 0000 0000 0205
02f6 0000 0000 0000
01d3 0000 0000 0000
0b28 0320 0000 0000
139b 0000 0000 0000
0f7f 0000 0000 0000
0eda 0000 0000 060a
0e4d 0000 0000 0911
192a 0000 0000 0000
16a7 0000 0000 0000
0fdf 0000 0000 0000
0391 0000 0037 032a
0000 0000 0000 0533
0000 0000 0000 031e
036c 0000 0000 02b6
0523 0000 0000 0000
06a3 0000 0000 0000
0bbd 0000 0000 0000
0e26 0000 0000 0000
0956 0000 0000 0000
0148 0000 08ca 003c
0000 0000 0000 0915
0602 0000 0000 0074
0000 101e 0402 0000
0000 0000 00e2 0000
05c1 0000 0000 0000
04ec 0000 0000 0000
064b 0000 0000 0000
04b7 0000 0000 00fe
0555 0000 0000 046d
04df 0000 0000 0225
026f 0000 0000 01f9
0077 029c 0000 0000
0afe 07b5 0000 0000
1584 066c 0000 0000
1767 0000 0000 0000
1436 0000 0000 003f
1bdd 0000 0000 051c
2bac 0000 0000 0000
2abc 0000 0000 0000
20b0 0000 0000 0000
1037 0000 0000 06e9
0203 0000 0000 06dd
00ea 0000 0000 00b3
04a7 0000 0000 0152
0b6b 0000 0000 0000
0e1b 0000 0000 0000
0d4c 0000 0000 0000
0f77 0000 0000 0000
0adb 0000 002b 0000
0000 0000 0542 02f1
0000 0000 0000 04c0
05a9 0000 0000 0000
012a 1246 0000 0000
07b1 01c9 007e 0000
0000 0000 0039 0000
00d3 0000 0000 0000
017e 0000 0000 0000
0534 0000 0000 0000
05e9 0000 0000 022b
0522 0000 0000 0318
018b 0000 0000 0466
01e8 03da 0000 0000
05a6 0c08 01aa 0000
0000 0fad 09f6 0000
0000 0eee 0d6e 0000
0000 0000 0b0e 0000
0000 0000 04ad 0000
0000 078b 022a 0000
0000 08e1 0c15 0000
0000 0000 124f 0000
0000 0000 0eb1 04f8
0000 0000 0000 0657
0371 0000 0000 0000
04ce 0000 0000 0000
087b 0000 0000 0000
0be4 0000 0000 0000
1128 0000 0000 0000
10be 0000 0000 0000
0820 0000 054e 0000
0000 0000 0000 04df
0000 0000 0000 019a
0354 0000 0000 0000
0000 12ab 0fbb 0000
0000 15d7 0906 0000
0000 06a8 0ac1 0000
00c6 0000 0000 0000
0274 0000 0000 0000
030c 0000 0000 0000
0000 0000 0000 0000
0000 0000 01a3 0446
0000 0000 0000 0339
0145 0000 0000 0000
0000 0303 059f 0000
0000 057a 0f6f 0000
0000 043b 198f 0000
0000 02ab 1ad6 0000
0000 0000 1e7a 0000
0000 0225 186d 0000
0000 02ee 1c0f 0000
0000 0000 1cd4 0000
0000 0000 101a 0480
0000 0000 0000 031d
054a 0000 0000 0000
0707 0000 0000 0000
0b21 0000 0000 0000
0f97 0000 0000 0000
10b5 0000 0000 0000
0a84 0000 0000 0000
0000 0000 0895 0000
0000 0000 0000 0349
0000 0000 0000 0000
0000 0000 0000 0000
0000 0000 0f50 0000
0000 17f6 0000 0000
0000 0759 0ab8 0000
009e 0000 0000 0000
00bd 0000 00a9 0000
0000 0000 0243 0000
0000 0000 0000 00b6
0000 0000 0000 039c
028d 0000 0000 0250
05b4 0000 0000 0000
01ab 0000 0000 0000
013d 0000 0000 0000
0000 0000 058f 0000
0000 0000 0834 0000
0000 0000 0a31 0000
0000 0000 0463 0071
0000 0000 0000 0000
0000 0000 0076 009d
0000 0000 0000 0261
0142 0000 0000 00f4
074e 0000 0000 0000
06a7 0000 0000 0000
0af9 0081 0000 0000
0fe5 0289 0000 0000
0aa9 0000 0000 0000
0000 0000 0a1d 0000
0000 0000 0a93 0000
0000 0000 06e6 0000
0000 0000 00da 0085
0000 0000 0000 0000
008f 0000 0000 0000
0713 1d2c 0000 0000
0dbe 0bd2 0714 0000
0000 0000 0000 0000
0000 0000 025e 0000
0000 0000 0000 0000
011d 0000 0000 0000
0422 0000 0000 01ac
052f 0000 0000 0182
0b8e 0000 0000 0000
0c5d 0000 0000 0000
0e26 0000 0000 0000
13b0 0000 0000 027d
10dd 0000 0000 0294
1752 0000 0000 02e2
1795 0000 0000 02ab
143e 0000 0000 007a
0b8a 0000 0000 0031
079a 0000 0000 02c7
05c4 0000 0000 0000
07d2 0000 0000 0000
0b6a 0000 0000 0000
0517 02eb 0000 0000
0680 024a 0000 0000
0000 0000 0120 0000
0000 0000 0ea4 0000
0000 0000 03a1 024d
0000 0000 0472 0000
0000 0000 0000 0000
0000 0000 0000 0000
0000 0000 0000 0000
0616 1b97 0000 0000
0ef2 0abe 0429 0000
009e 0000 0062 0000
001e 0000 0000 0000
0000 0000 0000 0000
03b1 0000 0000 0000
0571 0000 0000 0091
0ab0 0000 0000 0000
1844 0000 0000 0000
2137 0000 0000 0000
2088 0000 0000 0000
2023 0000 0000 0000
295e 0000 0000 0000
2a4b 0000 0000 0000
286d 0000 0000 002c
252a 0000 0000 0000
222f 0000 0000 0164
175d 0000 0000 035a
1523 0000 0000 0096
0714 0000 0000 0000
03bc 0190 0000 0000
034a 02ba 0000 0000
0000 0000 02e1 0000
0000 0000 005f 0000
0000 0000 0d13 0000
0000 0000 0000 04b1
0000 0000 0000 0000
0088 0000 0000 0000
00a0 0000 0000 0000
0045 0000 0000 0000
075b 19e2 0000 0000
0eac 0af7 03f8 0000
016b 0000 0000 0000
015f 0000 0000 0000
0156 0000 0000 0000
016a 0000 0000 0000
019f 0000 0000 0000
05c7 011b 0000 0000
0789 0000 0000 0000
0202 01d9 0000 0000
095e 0000 0000 0000
01d2 0000 0000 0000
0000 03a2 0000 0000
0000 0061 02b0 0000
0105 0287 0000 0000
0f35 0000 0000 0000
2367 0000 0000 0000
2193 0000 0000 0000
1ab6 0000 0000 03b2
117f 0000 0000 0000
098f 0000 0000 0000
0a69 0000 0000 0000
0072 0000 00b4 0000
0000 0000 0000 0000
0000 0000 0b25 0000
0000 0000 0000 042f
0000 0000 0000 0000
0000 0000 0000 0000
00a9 0000 0000 0000
0000 0000 0000 0000
01a1 1562 0000 0000
0016 1236 05f1 0000
0000 02fb 095e 0000
0000 0000 0000 0000
028b 0000 0000 0000
0111 0000 0020 0000
002c 0000 0000 0000
0000 0000 0000 0000
058e 0324 014c 0000
0000 0000 0525 0000
0000 0000 0a8a 0000
0000 0000 1445 0000
0000 0543 17f9 0000
0000 01f5 1f45 0000
0000 1341 130f 0000
0000 129e 1767 0000
0000 0fda 0fe9 0000
0000 0000 101d 0000
0000 0000 035b 0000
0000 0000 0000 0000
08b8 0000 0000 0000
0625 0000 0000 0000
05a8 0000 0000 0000
0000 0000 02cf 0000
0000 0000 0886 0000
0000 0000 0000 024a
0000 0000 0000 0000
0019 0000 0000 0000
0000 0000 0000 0000
0065 0000 0000 0000
0000 02e3 001f 0000
042e 1584 0000 0000
0000 0153 08ba 0000
035c 0000 0000 0000
04d3 0000 0000 0000
0271 0000 0000 0000
0237 0000 0000 0000
0469 0000 0000 0000
04f5 02ec 0000 0000
0acd 0000 0000 0000
094d 0000 0000 0000
08e5 0000 0000 0253
0a9d 0000 0000 0055
0b55 0000 0000 0000
06f6 0000 0000 0000
06b5 0000 0528 0000
0000 0000 0d5b 0000
0000 0000 13ac 0000
0000 0000 0692 0000
0000 0000 0000 0000
0642 0000 0000 0000
0000 0000 0000 0000
0585 0000 0000 0000
0000 0000 0892 0000
0000 0000 0131 0306
0000 0000 0000 0000
00ab 0000 0000 0000
011b 0000 0000 0000
00b5 0000 0000 0000
0000 0000 0000 0000
0000 0000 0000 0000
000d 13ea 0000 0000
00cf 0eeb 03e5 0000
0000 0788 0326 0000
0660 0000 0000 0000
023e 0000 0000 0000
026a 0000 0000 0000
057b 0000 0000 0000
0446 004e 0000 0000
0000 018c 03df 0000
0000 0000 01b9 0000
0382 0000 0000 0000
1a8c 0000 0000 0000
2861 0000 0000 0000
27c3 0000 0000 0000
23b8 0000 0000 0000
106a 0000 0000 0000
0078 0000 0000 0000
0000 0000 0000 0000
06ed 0000 0000 0000
0470 0000 0000 0000
0452 0000 0000 0000
0057 0000 01b1 0000
0000 0000 0a45 0000
0000 0000 0000 02c7
0000 0000 0000 0000
0072 0000 0000 0000
0006 0000 0000 0000
0009 0000 0000 0000
0000 0000 0000 0000
00a4 0000 0000 0000
0000 020d 00c6 0000
0522 188e 0000 0000
0023 0449 04fb 0000
09bc 0000 0000 0000
04ff 0000 0000 0000
02d0 0000 0000 0000
0370 0000 0000 0000
00d4 0000 0000 0000
0000 0000 08b7 0000
0000 0000 0efb 0000
0000 057e 0f99 0000
0000 0a4c 0ea8 0000
0000 096a 0e58 0000
0000 0899 0cc3 0000
0000 0000 105a 0000
0000 0000 0a8e 0000
0000 0000 0042 0000
0000 0000 0000 0000
06a6 0000 0000 0000
0316 0000 0000 0000
04a0 0000 0000 0000
0000 0000 06df 0000
0000 0000 0340 02f0
0000 0000 0000 0000
00ab 0000 0000 0000
0000 0000 0000 0000
0063 0000 0000 0000
0029 0000 0000 0000
