0.0000000000000000 0.0000000000000000 0.0000000000000000 0.0398800355564876
0.1009707808932837 0.0000000000000000 0.0000000000000000 0.0000000000000000
0.2702432818710804 0.0323164262096672 0.0000000000000000 0.0000000000000000
0.2844151546411653 0.0000000000000000 0.0000000000000000 0.0000000000000000
0.0991408765169920 0.0000000000000000 0.0000000000000000 0.0000000000000000
0.1597975486487735 0.0000000000000000 0.0000000000000000 0.0000000000000000
0.0083040005874399 0.0000000000000000 0.0000000000000000 0.0000000000000000
0.0023590621848901 0.0000000000000000 0.0000000000000000 0.0180753124914332
0.0000000000000000 0.0000000000000000 0.0000000000000000 0.0320440724126848
0.0000000000000000 0.0000000000000000 0.0000000000000000 0.0647772510590799
0.0000000000000000 0.0000000000000000 0.0000000000000000 0.0740094019702690
0.0000000000000000 0.0000000000000000 0.0000000000000000 0.0938492218799452
0.0000000000000000 0.0000000000000000 0.0000000000000000 0.0996869649007625
0.0000000000000000 0.0000000000000000 0.0000000000000000 0.0855808508290233
0.0059981968911255 0.0000000000000000 0.0000000000000000 0.0942744989623772
0.0186859405946498 0.0000000000000000 0.0000000000000000 0.0956792821505053
0.0000000000000000 0.0000000000000000 0.0000000000000000 0.0816856424324214
0.0000000000000000 0.0000000000000000 0.0000000000000000 0.0743640369826964
0.0000000000000000 0.0000000000000000 0.0019291435021397 0.0669519007899890
0.0000000000000000 0.0000000000000000 0.0000000000000000 0.0637554436648154
0.0000000000000000 0.0000000000000000 0.0000000000000000 0.0282265163428497
0.0000000000000000 0.0000000000000000 0.0000000000000000 0.0000000000000000
0.0018411971628665 0.0000000000000000 0.0000000000000000 0.0000000000000000
0.0368509942263949 0.0000000000000000 0.0000000000000000 0.0000000000000000
0.0867589807831774 0.0000000000000000 0.0000000000000000 0.0000000000000000
0.0636841547109334 0.0000000000000000 0.0000000000000000 0.0000000000000000
0.0754394882303827 0.0000000000000000 0.0000000000000000 0.0848269742548320
0.0689714041848977 0.0000000000000000 0.0000000000000000 0.0632703428832340
0.1081140284298680 0.0000000000000000 0.0000000000000000 0.0000000000000000
0.0402746933786308 0.0000000000000000 0.0000000000000000 0.0000000000000000
0.0245963752708014 0.0000000000000000 0.0000000000000000 0.0330306972614399
0.1720315959961975 0.0869382409415409 0.0000000000000000 0.0000000000000000
0.2449141311148804 0.0000000000000000 0.0000000000000000 0.0000000000000000
0.1594858898105576 0.0000000000000000 0.0000000000000000 0.0000000000000000
0.0039624672163936 0.0000000000000000 0.0000000000000000 0.0000000000000000
0.1271333937405372 0.0000000000000000 0.0000000000000000 0.0000000000000000
0.0156933540076601 0.0000000000000000 0.0000000000000000 0.0000000000000000
0.0077700541738202 0.0000000000000000 0.0000000000000000 0.0004532134799543
0.0000000000000000 0.0000000000000000 0.0000000000000000 0.0408540460901956
0.0000000000000000 0.0000000000000000 0.0000000000000000 0.0678884086819986
0.0355017417055719 0.0000000000000000 0.0000000000000000 0.0773384047051270
0.0223065981531844 0.0000000000000000 0.0000000000000000 0.1080254603980804
0.0097696992550411 0.0000000000000000 0.0000000000000000 0.1056015058274509
0.0617592195523720 0.0000000000000000 0.0000000000000000 0.0856455036311173
0.0210688827522829 0.0000000000000000 0.0000000000000000 0.0781986244735035
0.0000000000000000 0.0000000000000000 0.0000000000000000 0.0915766713775548
0.0000000000000000 0.0000000000000000 0.0000000000000000 0.0981984250210956
0.0000000000000000 0.0000000000000000 0.0000000000000000 0.0932218885505754
0.0000000000000000 0.0000000000000000 0.0000000000000000 0.0839116901159287
0.0011846410147114 0.0000000000000000 0.0000000000000000 0.0701639982177785
0.0277336723518138 0.0000000000000000 0.0000000000000000 0.0315844947362648
0.0481726265275012 0.0000000000000000 0.0000000000000000 0.0028689647422118
0.0608065999459987 0.0000000000000000 0.0000000000000000 0.0000000000000000
0.0589000775387474 0.0000000000000000 0.0000000000000000 0.0000000000000000
0.0930443854746865 0.0000000000000000 0.0000000000000000 0.0000000000000000
0.0947438771087748 0.0000000000000000 0.0000000000000000 0.0000000000000000
0.0733746259089778 0.0000000000000000 0.0000000000000000 0.0543400304081540
0.0519052833756979 0.0000000000000000 0.0000000000000000 0.0547165098965314
0.0699502876430168 0.0000000000000000 0.0000000000000000 0.0000000000000000
0.0567196516283586 0.0000000000000000 0.0000000000000000 0.0000000000000000
0.1065510702922063 0.0000000000000000 0.0000000000000000 0.0000000000000000
0.2593096753984106 0.1303661243953541 0.0000000000000000 0.0000000000000000
0.2523308312629952 0.0000000000000000 0.0000000000000000 0.0000000000000000
0.0785381194861496 0.0000000000000000 0.0000000000000000 0.0000000000000000
0.1564037948116367 0.0000000000000000 0.0000000000000000 0.0000000000000000
0.1127896989531377 0.0000000000000000 0.0000000000000000 0.0000000000000000
0.0000000000000000 0.0000000000000000 0.0199490926356293 0.0000000000000000
0.0000000000000000 0.0000000000000000 0.0000000000000000 0.0093095409939541
0.0000000000000000 0.0000000000000000 0.0000000000000000 0.0385321197136506
0.0000000000000000 0.0000000000000000 0.0000000000000000 0.0403894739481164
0.0000000000000000 0.0000000000000000 0.0000000000000000 0.0587636695973867
0.0000000000000000 0.0000000000000000 0.0000000000000000 0.1018624707855577
0.0000000000000000 0.0000000000000000 0.0000000000000000 0.0721497920542662
0.0152936603947016 0.0000000000000000 0.0000000000000000 0.0775948692167945
0.0000000000000000 0.0000000000000000 0.0000000000000000 0.0833771577926682
0.0000000000000000 0.0000000000000000 0.0000000000000000 0.0861916406463613
0.0000000000000000 0.0000000000000000 0.0000000000000000 0.0943569712797362
0.0464336930975026 0.0000000000000000 0.0000000000000000 0.0960006206880744
0.0727110021108507 0.0000000000000000 0.0000000000000000 0.0839053539796641
0.0507409461426970 0.0000000000000000 0.0000000000000000 0.0637724776295762
0.0770203630567764 0.0000000000000000 0.0000000000000000 0.0367395367911633
0.0658384888633793 0.0000000000000000 0.0000000000000000 0.0000000000000000
0.0658402996174261 0.0000000000000000 0.0000000000000000 0.0000000000000000
0.0570302892987635 0.0000000000000000 0.0000000000000000 0.0000000000000000
0.0754137791693210 0.0000000000000000 0.0000000000000000 0.0000000000000000
0.0629067801231263 0.0000000000000000 0.0000000000000000 0.0000000000000000
0.0000000000000000 0.0000000000000000 0.0229462540544133 0.0216483350167526
0.0000000000000000 0.0000000000000000 0.0125089065336130 0.0644833745891412
0.0000000000000000 0.0000000000000000 0.0000000000000000 0.0004986591874530
0.0000000000000000 0.0006863057832507 0.0000000000000000 0.0000000000000000
0.1190620020762379 0.0000000000000000 0.0000000000000000 0.0000000000000000
0.2103473405481555 0.1143026942204611 0.0000000000000000 0.0000000000000000
0.2951368655498121 0.0000000000000000 0.0000000000000000 0.0000000000000000
0.1666348385898505 0.0000000000000000 0.0000000000000000 0.0000000000000000
0.2037326963362741 0.0000000000000000 0.0000000000000000 0.0000000000000000
0.0244277479455750 0.0000000000000000 0.0000000000000000 0.0000000000000000
0.0000000000000000 0.0000000000000000 0.0784836914755551 0.0000000000000000
0.0000000000000000 0.0000000000000000 0.0000000000000000 0.0000000000000000
0.0000000000000000 0.0000000000000000 0.0051152520685219 0.0166418662532142
0.0000000000000000 0.0000000000000000 0.0136880885663570 0.0337303717675455
0.0000000000000000 0.0000000000000000 0.0509133294078649 0.0755620432506298
0.0000000000000000 0.0000000000000000 0.0000000000000000 0.0773173390102445
0.0000000000000000 0.0000000000000000 0.0092664375828178 0.0613697438391255
0.0000000000000000 0.0000000000000000 0.0000000000000000 0.0799111583014475
0.0000000000000000 0.0000000000000000 0.0000000000000000 0.0947478886127618
0.0120710627559354 0.0000000000000000 0.0000000000000000 0.0841197988730581
0.0106625508882250 0.0000000000000000 0.0000000000000000 0.0700853062738829
0.0000000000000000 0.0000000000000000 0.0000000000000000 0.0696269244868674
0.0134312166741080 0.0000000000000000 0.0000000000000000 0.0757823859451009
0.0195074026929396 0.0000000000000000 0.0000000000000000 0.0477245834564754
0.0403844767195335 0.0000000000000000 0.0000000000000000 0.0260833004708675
0.0269682470928223 0.0000000000000000 0.0000000000000000 0.0000000000000000
0.0168437124905633 0.0000000000000000 0.0000000000000000 0.0000000000000000
0.0185524111723199 0.0000000000000000 0.0000000000000000 0.0000000000000000
0.0639737724527424 0.0000000000000000 0.0000000000000000 0.0000000000000000
0.0846332903440091 0.0000000000000000 0.0000000000000000 0.0000000000000000
0.0000000000000000 0.0000000000000000 0.0435607710232337 0.0307526642493172
0.0000000000000000 0.0000000000000000 0.0000000000000000 0.1058589884901748
0.0000000000000000 0.0000000000000000 0.0000000000000000 0.0221728261761075
0.0236421452287365 0.0000000000000000 0.0000000000000000 0.0000000000000000
0.1598109769908821 0.0462189603012566 0.0000000000000000 0.0000000000000000
0.2324645399316853 0.0682662343642875 0.0000000000000000 0.0000000000000000
0.2384415150126989 0.0000000000000000 0.0000000000000000 0.0000000000000000
0.1256332714621927 0.0000000000000000 0.0000000000000000 0.0000000000000000
0.0345068721648525 0.0000000000000000 0.0498525806793979 0.0000000000000000
0.0000000000000000 0.0000000000000000 0.0031884891583640 0.0000000000000000
0.0000000000000000 0.0000000000000000 0.0886198235273945 0.0000000000000000
0.0000000000000000 0.0000000000000000 0.0880854438625130 0.0000000000000000
0.0000000000000000 0.0000000000000000 0.0610873583777278 0.0161068106471908
0.0000000000000000 0.0000000000000000 0.0499677756034276 0.0544400344967988
0.0000000000000000 0.0000000000000000 0.0000000000000000 0.0818869324090579
0.0000000000000000 0.0000000000000000 0.0000000000000000 0.0819331343997927
0.0000000000000000 0.0000000000000000 0.0000000000000000 0.0823473557355066
0.0000000000000000 0.0000000000000000 0.0000000000000000 0.0815583927392520
0.0000000000000000 0.0000000000000000 0.0000000000000000 0.0704450566193782
0.0000000000000000 0.0000000000000000 0.0000000000000000 0.0779487789626800
0.0021980588780898 0.0000000000000000 0.0000000000000000 0.0635018427527564
0.0000000000000000 0.0000000000000000 0.0269509701533061 0.0747616040319496
0.0000000000000000 0.0000000000000000 0.0000000000000000 0.0679473251323490
0.0000000000000000 0.0000000000000000 0.0000000000000000 0.0304076216950574
0.0000000000000000 0.0000000000000000 0.0000000000000000 0.0297136981935039
0.0000000000000000 0.0000000000000000 0.0000000000000000 0.0013355724623098
0.0198219816912622 0.0000000000000000 0.0000000000000000 0.0000000000000000
0.0695290470678433 0.0000000000000000 0.0000000000000000 0.0000000000000000
0.1028496586662881 0.0000000000000000 0.0000000000000000 0.0000000000000000
0.0938117204197481 0.0000000000000000 0.0000000000000000 0.0000000000000000
0.0389826093672538 0.0000000000000000 0.0000000000000000 0.0256940591989049
0.0353638141616887 0.0000000000000000 0.0000000000000000 0.1279330001139611
0.0510939137462310 0.0000000000000000 0.0000000000000000 0.0428876938864443
0.0671748816820921 0.0130366038092796 0.0000000000000000 0.0000000000000000
0.0998556884918727 0.1665982576781044 0.0000000000000000 0.0000000000000000
0.1418725627164047 0.1652337689829223 0.0000000000000000 0.0000000000000000
0.1315978580099696 0.0000000000000000 0.0000000000000000 0.0000000000000000
0.0562123712809647 0.0000000000000000 0.0000000000000000 0.0000000000000000
0.0000000000000000 0.0000000000000000 0.0686496520816695 0.0000000000000000
0.0000000000000000 0.0000000000000000 0.0656380440747621 0.0000000000000000
0.0000000000000000 0.0000000000000000 0.1083421699921875 0.0000000000000000
0.0000000000000000 0.0000000000000000 0.0956131711894390 0.0000000000000000
0.0000000000000000 0.0000000000000000 0.0592806043066814 0.0319737441016033
0.0000000000000000 0.0000000000000000 0.0003259107908782 0.0533591195411396
0.0000000000000000 0.0000000000000000 0.0000000000000000 0.0759903668827724
0.0000000000000000 0.0000000000000000 0.0000000000000000 0.0842164517782044
0.0000000000000000 0.0000000000000000 0.0000000000000000 0.0906493776587441
0.0000000000000000 0.0000000000000000 0.0000000000000000 0.0855575125043591
0.0007232616198998 0.0000000000000000 0.0000000000000000 0.0771273041637067
0.0000000000000000 0.0000000000000000 0.0000000000000000 0.0655262752162183
0.0000000000000000 0.0000000000000000 0.0000000000000000 0.0832462194247865
0.0000000000000000 0.0000000000000000 0.0000000000000000 0.0901093406493174
0.0000000000000000 0.0000000000000000 0.0000000000000000 0.0775812707677045
0.0259999888054297 0.0000000000000000 0.0000000000000000 0.0426429802204902
0.0106888914663417 0.0000000000000000 0.0000000000000000 0.0430673142712490
0.0237234240507377 0.0000000000000000 0.0000000000000000 0.0083509700098897
0.0158601484316238 0.0000000000000000 0.0000000000000000 0.0000000000000000
0.0567265652412293 0.0034039000743161 0.0000000000000000 0.0000000000000000
0.0503161992366406 0.0000000000000000 0.0000000000000000 0.0000000000000000
0.0643510871512048 0.0000000000000000 0.0000000000000000 0.0000000000000000
0.0529283517569888 0.0000000000000000 0.0000000000000000 0.0000000000000000
0.0383626023782234 0.0000000000000000 0.0000000000000000 0.0936798648196547
0.0591412479240518 0.0000000000000000 0.0000000000000000 0.0880140423939071
0.0906675366648272 0.0000000000000000 0.0000000000000000 0.0000000000000000
0.0428966938718863 0.1846567392568378 0.0000000000000000 0.0000000000000000
0.0733895553531600 0.1738695357725316 0.0145954600297937 0.0000000000000000
0.0138299770653248 0.0265341704163481 0.0000000000000000 0.0000000000000000
0.0113876672205971 0.0000000000000000 0.0275209090581127 0.0000000000000000
0.0344991296383681 0.0000000000000000 0.0000000000000000 0.0000000000000000
0.1422355271291499 0.0000000000000000 0.0000000000000000 0.0000000000000000
0.4304190267388728 0.0000000000000000 0.0000000000000000 0.0338026767888782
0.5753374329822903 0.0000000000000000 0.0000000000000000 0.0511088497808898
0.6034294586993900 0.0000000000000000 0.0000000000000000 0.0596856492845452
0.5776449565063503 0.0000000000000000 0.0000000000000000 0.0967336724420973
0.3962120341757933 0.0000000000000000 0.0000000000000000 0.1046597472574635
0.2099402043018856 0.0000000000000000 0.0000000000000000 0.1032120905067844
0.1195245598899386 0.0000000000000000 0.0000000000000000 0.0990161438673443
0.0721691109824415 0.0000000000000000 0.0000000000000000 0.1007344853169486
0.0588334615177968 0.0000000000000000 0.0000000000000000 0.0818371302101250
0.0546199540151102 0.0000000000000000 0.0000000000000000 0.0839218089466586
0.0297465721620063 0.0000000000000000 0.0000000000000000 0.0809877547855472
0.0894782071458360 0.0000000000000000 0.0000000000000000 0.0913821987369483
0.0941857142045220 0.0000000000000000 0.0000000000000000 0.0847789218448394
0.0815908641645722 0.0000000000000000 0.0000000000000000 0.0369531165589305
0.0508619611608046 0.0000000000000000 0.0000000000000000 0.0458369248309264
0.0522709796679956 0.0000000000000000 0.0000000000000000 0.0159077207046541
0.0139004434878920 0.0000000000000000 0.0000000000000000 0.0000000000000000
0.0000000000000000 0.0000000000000000 0.0000000000000000 0.0000000000000000
0.0000000000000000 0.0169858715040427 0.0053892624801866 0.0000000000000000
0.0000000000000000 0.0526770573985928 0.0000000000000000 0.0000000000000000
0.0775862474505809 0.0000000000000000 0.0000000000000000 0.0000000000000000
0.0495313605111020 0.0000000000000000 0.0000000000000000 0.0706417676590967
0.0682708359670405 0.0000000000000000 0.0000000000000000 0.0957797405145624
0.1366864233478610 0.0000000000000000 0.0000000000000000 0.0000000000000000
0.1240166571648682 0.0420764897603031 0.0000000000000000 0.0000000000000000
0.1882375406137869 0.1788126085245726 0.0000000000000000 0.0000000000000000
0.0535268403589726 0.0487532296528419 0.0022952124987747 0.0000000000000000
0.0818653500985866 0.0000000000000000 0.0000000000000000 0.0000000000000000
0.0848311370348229 0.0000000000000000 0.0000000000000000 0.0000000000000000
0.1361836803748326 0.0000000000000000 0.0000000000000000 0.0000000000000000
0.0621380700638479 0.0000000000000000 0.0000000000000000 0.0000000000000000
0.0675694720856114 0.0000000000000000 0.0000000000000000 0.0000000000000000
0.1434449667293651 0.0000000000000000 0.0000000000000000 0.0000000000000000
0.2412326686376450 0.0000000000000000 0.0000000000000000 0.0000000000000000
0.5062502618952125 0.0000000000000000 0.0000000000000000 0.0688040263202114
0.5359138564005785 0.0000000000000000 0.0000000000000000 0.1185534622684559
0.3991189634536994 0.0000000000000000 0.0000000000000000 0.1170973262767873
0.2557702394531053 0.0000000000000000 0.0000000000000000 0.0967906276348467
0.1381836005139584 0.0000000000000000 0.0000000000000000 0.0998977481314511
0.0638985794402804 0.0000000000000000 0.0000000000000000 0.0822103041333749
0.0831174229143880 0.0000000000000000 0.0000000000000000 0.0452948810715301
0.1523696667277344 0.0000000000000000 0.0000000000000000 0.0424286279809095
0.2011941220100019 0.0000000000000000 0.0000000000000000 0.0785188944553774
0.3091382154500951 0.0000000000000000 0.0000000000000000 0.0524521211509172
0.2639826201194643 0.0000000000000000 0.0000000000000000 0.0257733538746833
0.4588028233279201 0.0000000000000000 0.0000000000000000 0.0269092211298937
0.5980345363564348 0.0000000000000000 0.0000000000000000 0.0234274347769279
0.5608813171731490 0.0000000000000000 0.0000000000000000 0.0054493803001356
0.3655959815225180 0.0000000000000000 0.0000000000000000 0.0000000000000000
0.1527979317687306 0.0000000000000000 0.0000000000000000 0.0000000000000000
0.0329333451302612 0.0000000000000000 0.0379754523436227 0.0000000000000000
0.0000000000000000 0.0000000000000000 0.0000000000000000 0.0148168265545632
0.0289748124486092 0.0000000000000000 0.0000000000000000 0.0591774168442570
0.0734603909739093 0.0000000000000000 0.0000000000000000 0.0045455855207846
0.0377199641483671 0.0000000000000000 0.0000000000000000 0.0000000000000000
0.0429458789819595 0.3114475375954427 0.0000000000000000 0.0000000000000000
0.0060653651315791 0.1043783515180442 0.1080130985116257 0.0000000000000000
0.0268576800677122 0.0000000000000000 0.0000000000000000 0.0000000000000000
0.0000000000000000 0.0000000000000000 0.0904101686004330 0.0000000000000000
0.0000000000000000 0.0000000000000000 0.2269886695798121 0.0000000000000000
0.0000000000000000 0.0000000000000000 0.3067614508610146 0.0000000000000000
0.0000000000000000 0.0000000000000000 0.4331076070081954 0.0000000000000000
0.0000000000000000 0.1299717935788281 0.3307165571798881 0.0000000000000000
0.0000000000000000 0.1462459207238520 0.2165723303661627 0.0000000000000000
0.0000000000000000 0.0000000000000000 0.0962848185835516 0.0000000000000000
0.0233987168208057 0.0000000000000000 0.0000000000000000 0.0000000000000000
0.2121968347506197 0.0000000000000000 0.0000000000000000 0.0503056163077845
0.2600294475900192 0.0000000000000000 0.0000000000000000 0.0912245413398041
0.1581121429947077 0.0000000000000000 0.0000000000000000 0.1125578712251986
0.1445937181074246 0.0000000000000000 0.0000000000000000 0.0701265424599542
0.1563823872775424 0.0000000000000000 0.0000000000000000 0.0264156324332397
0.2312960844852177 0.0000000000000000 0.0000000000000000 0.0000000000000000
0.2897968777692786 0.0000000000000000 0.0000000000000000 0.0000000000000000
0.5795633244602119 0.0000000000000000 0.0000000000000000 0.0207790889996378
0.7603918733403962 0.0000000000000000 0.0000000000000000 0.0000000000000000
0.6858613104066429 0.0000000000000000 0.0000000000000000 0.0000000000000000
0.4601815788623164 0.0000000000000000 0.0000000000000000 0.0000000000000000
0.2979356979476471 0.0000000000000000 0.0000000000000000 0.0000000000000000
0.3035634393639424 0.0000000000000000 0.0000000000000000 0.0000000000000000
0.3732672503619802 0.0000000000000000 0.0000000000000000 0.0000000000000000
0.2159649558365344 0.0000000000000000 0.0000000000000000 0.0000000000000000
0.0000000000000000 0.0000000000000000 0.0108316726982593 0.0000000000000000
0.0000000000000000 0.0000000000000000 0.0000000000000000 0.0283201225558478
0.0471626899259932 0.0000000000000000 0.0000000000000000 0.0218203410232330
0.0000000000000000 0.0000000000000000 0.0000000000000000 0.0000000000000000
0.1470319307756190 0.2639614550287233 0.0000000000000000 0.0000000000000000
0.1492160923779011 0.0000000000000000 0.0676639434242366 0.0000000000000000
0.0000000000000000 0.0000000000000000 0.0248552753790922 0.0000000000000000
0.0000000000000000 0.0000000000000000 0.0745038859838364 0.0000000000000000
0.0000000000000000 0.0000000000000000 0.0000000000000000 0.0000000000000000
0.2376999239565111 0.0000000000000000 0.0000000000000000 0.0000000000000000
0.4582995542562476 0.0000000000000000 0.0000000000000000 0.0302382686796289
0.4084633422102414 0.0000000000000000 0.0000000000000000 0.0000000000000000
0.4262265648765890 0.0000000000000000 0.0000000000000000 0.0000000000000000
0.0120905303341500 0.0000000000000000 0.1792691807098248 0.0000000000000000
0.0000000000000000 0.0000000000000000 0.0491041487776766 0.0000000000000000
0.0000000000000000 0.0000000000000000 0.0000000000000000 0.0000000000000000
0.0710641183543439 0.0000000000000000 0.0000000000000000 0.0609457717916253
0.0711906179347458 0.0000000000000000 0.0000000000000000 0.1105539735589249
0.0000000000000000 0.0000000000000000 0.0000000000000000 0.0208891059692000
0.0478515073803126 0.0000000000000000 0.0000000000000000 0.0055852166157874
0.2239570463843204 0.0924415212270676 0.0000000000000000 0.0000000000000000
0.3660318452791840 0.0000000000000000 0.0000000000000000 0.0000000000000000
0.1895037636306940 0.0000000000000000 0.0000000000000000 0.0000000000000000
0.0561316301863568 0.0695067012646035 0.0243436907217199 0.0000000000000000
0.0000000000000000 0.0711506213700655 0.2520281113976358 0.0000000000000000
0.0000000000000000 0.0431769354889791 0.3177126679131213 0.0000000000000000
0.0000000000000000 0.0806711855399258 0.1949154456529547 0.0000000000000000
0.0000000000000000 0.0000000000000000 0.0518804702688666 0.0000000000000000
0.0000000000000000 0.0000000000000000 0.0000000000000000 0.0000000000000000
0.0950401108492823 0.0000000000000000 0.0000000000000000 0.0000000000000000
0.0186765632646924 0.0000000000000000 0.0000000000000000 0.0000000000000000
0.0000000000000000 0.0000000000000000 0.0000000000000000 0.0085196333645168
0.0000000000000000 0.0000000000000000 0.0000000000000000 0.0190683376920574
0.0000000000000000 0.0000000000000000 0.0000000000000000 0.0000000000000000
0.1622066986765345 0.2713294205054932 0.0000000000000000 0.0000000000000000
0.2429022453433159 0.0000000000000000 0.0551112032331088 0.0000000000000000
0.0000000000000000 0.0000000000000000 0.0079594190214195 0.0000000000000000
0.0000000000000000 0.0000000000000000 0.0000000000000000 0.0000000000000000
0.2186543832076530 0.0203471975948881 0.0000000000000000 0.0000000000000000
0.4262046639679694 0.0000000000000000 0.0000000000000000 0.0000000000000000
0.6287985511708492 0.0000000000000000 0.0000000000000000 0.0000000000000000
0.6581476744921767 0.0000000000000000 0.0000000000000000 0.0000000000000000
0.4901054358803758 0.0000000000000000 0.0000000000000000 0.0000000000000000
0.1885664118125157 0.0000000000000000 0.0000000000000000 0.0000000000000000
0.0000000000000000 0.0112145402633092 0.0000000000000000 0.0000000000000000
0.0000000000000000 0.0000000000000000 0.0087018212047863 0.0000000000000000
0.0000000000000000 0.0000000000000000 0.0585424098240979 0.0000000000000000
0.0000000000000000 0.0000000000000000 0.0000000000000000 0.1241651523365255
0.0499855017399087 0.0000000000000000 0.0000000000000000 0.0720858429175090
0.0374980721841842 0.0031878248222318 0.0000000000000000 0.0000000000000000
0.2218631339862067 0.0725357084808981 0.0000000000000000 0.0000000000000000
0.1373107784372919 0.0000000000000000 0.0000000000000000 0.0000000000000000
0.0082747082353807 0.0862908015283299 0.0000000000000000 0.0000000000000000
0.1248635482408252 0.0000000000000000 0.0000000000000000 0.0000000000000000
0.2219117226407809 0.0000000000000000 0.0000000000000000 0.0146063832821799
0.2549464227960391 0.0000000000000000 0.0000000000000000 0.0083130622100012
0.2326348332067333 0.0000000000000000 0.0000000000000000 0.0000000000000000
0.1293451843162378 0.0000000000000000 0.0000000000000000 0.0000000000000000
0.0000000000000000 0.0000000000000000 0.0954372181392768 0.0000000000000000
0.0000000000000000 0.0000000000000000 0.0025423761749385 0.0000000000000000
0.0000000000000000 0.0000000000000000 0.0476404354122339 0.0000000000000000
0.0000000000000000 0.0000000000000000 0.0837763351698716 0.0128385294612279
0.0000000000000000 0.0000000000000000 0.0034741385821618 0.0186439943846826
0.1736799261587507 0.0000000000000000 0.0000000000000000 0.0000000000000000
0.2029444491600289 0.1433189774187756 0.0000000000000000 0.0000000000000000
0.0950070687222715 0.0000000000000000 0.1121346176474117 0.0000000000000000
0.0000000000000000 0.0000000000000000 0.1252487116657636 0.0000000000000000
0.0000000000000000 0.0574114890586511 0.0750627313393589 0.0000000000000000
0.0000000000000000 0.3925128489075339 0.0393125835513951 0.0000000000000000
0.0000000000000000 0.1185220186105546 0.2667770642421994 0.0000000000000000
0.0000000000000000 0.1966560566761330 0.1952610836236500 0.0000000000000000
0.0000000000000000 0.0133991113407354 0.4324169659512301 0.0000000000000000
0.0000000000000000 0.0000000000000000 0.4222285371200711 0.0000000000000000
0.0000000000000000 0.0000000000000000 0.2371791058238231 0.0174700182314743
0.0000000000000000 0.0333662039143782 0.0242803970607473 0.0000000000000000
0.0000000000000000 0.1105130095327017 0.0300111524833768 0.0000000000000000
0.0000000000000000 0.0000000000000000 0.0682104433211041 0.0000000000000000
0.0000000000000000 0.0000000000000000 0.0436074625554623 0.1149572738154116
0.0688071693713758 0.0000000000000000 0.0000000000000000 0.0946778034864396
0.1877344214302651 0.0963922312227534 0.0000000000000000 0.0000000000000000
0.0417915012176132 0.0000000000000000 0.1210210434654181 0.0000000000000000
0.0000000000000000 0.0716012858073501 0.0000000000000000 0.0000000000000000
0.0043135062006173 0.1931172826491735 0.0000000000000000 0.0000000000000000
0.3401321688557373 0.0000000000000000 0.0000000000000000 0.0000000000000000
0.4340915313976653 0.0000000000000000 0.0000000000000000 0.0000000000000000
0.6870339200046718 0.0000000000000000 0.0000000000000000 0.0000000000000000
0.6238571356762856 0.0000000000000000 0.0000000000000000 0.0000000000000000
0.4148031592222989 0.0000000000000000 0.0000000000000000 0.0000000000000000
0.2057295969742186 0.0000000000000000 0.0000000000000000 0.0000000000000000
0.0581629525066591 0.0000000000000000 0.0000000000000000 0.0000000000000000
0.0000000000000000 0.0000000000000000 0.1713665811308459 0.0000000000000000
0.0000000000000000 0.0000000000000000 0.0417959830486307 0.0734324681444788
0.0000000000000000 0.0000000000000000 0.0000000000000000 0.0050223335514174
0.1757305901278466 0.0000000000000000 0.0000000000000000 0.0000000000000000
0.1652257405513642 0.0666825831155567 0.0000000000000000 0.0000000000000000
0.0000000000000000 0.0000000000000000 0.1569118324667216 0.0000000000000000
0.0000000000000000 0.0000000000000000 0.1544713384453572 0.0000000000000000
0.0000000000000000 0.0000000000000000 0.1463805270691713 0.0000000000000000
0.0000000000000000 0.2255321385302381 0.2560538751821891 0.0000000000000000
0.0000000000000000 0.0813431430608034 0.5107739643212043 0.0000000000000000
0.0000000000000000 0.0504877758595872 0.5217333934397673 0.0000000000000000
0.0000000000000000 0.0000000000000000 0.5638089191095502 0.0000000000000000
0.0000000000000000 0.0000000000000000 0.4341252282042714 0.0208693892494137
0.0000000000000000 0.0000000000000000 0.1122462375637362 0.0134194712939800
0.0000000000000000 0.0140290199176353 0.0000000000000000 0.0000000000000000
0.0022793176565685 0.0247143150471590 0.0000000000000000 0.0000000000000000
0.0000000000000000 0.0000000000000000 0.0715600469094866 0.0000000000000000
0.0000000000000000 0.0000000000000000 0.1120808031263889 0.0631560446311008
0.0000000000000000 0.0000000000000000 0.0000000000000000 0.0612571264872803
0.1717391923800403 0.0031622024216489 0.0000000000000000 0.0000000000000000
0.0000000000000000 0.0000000000000000 0.1813460064942346 0.0000000000000000
0.0000000000000000 0.1326691044384942 0.0000000000000000 0.0000000000000000
0.0000000000000000 0.3466920775306576 0.2636124114341596 0.0000000000000000
0.0000000000000000 0.4285278749451334 0.4029132345070441 0.0000000000000000
0.0000000000000000 0.2221227392627328 0.4264040795465310 0.0000000000000000
0.0000000000000000 0.2857176045503687 0.2623821763358279 0.0000000000000000
0.0000000000000000 0.0000000000000000 0.2781684283459304 0.0000000000000000
0.0000000000000000 0.0000000000000000 0.0172711821090358 0.0000000000000000
0.0000000000000000 0.0000000000000000 0.0044056982313301 0.0000000000000000
0.0000000000000000 0.0000000000000000 0.0000000000000000 0.0000000000000000
0.0000000000000000 0.0000000000000000 0.2421753180158489 0.0057925268204188
0.0000000000000000 0.0000000000000000 0.0000000000000000 0.1227503234064024
0.0000000000000000 0.0000000000000000 0.0192825010594199 0.0000000000000000
0.0000000000000000 0.0696817300410248 0.0000000000000000 0.0000000000000000
0.1308960440550364 0.0000000000000000 0.0704563699443551 0.0000000000000000
0.0000000000000000 0.0000000000000000 0.0794607554434561 0.0000000000000000
0.0000000000000000 0.0000000000000000 0.0197036010231458 0.0200089170104441
0.0000000000000000 0.0000000000000000 0.0253756629631801 0.0000000000000000
0.0000000000000000 0.0000000000000000 0.1187611592604834 0.0000000000000000
0.0000000000000000 0.0000000000000000 0.2580078747415660 0.0000000000000000
0.0000000000000000 0.0000000000000000 0.2224216754895215 0.0000000000000000
0.0000000000000000 0.0000000000000000 0.1698345879494560 0.0221091194078326
0.0000000000000000 0.0000000000000000 0.0240269783738197 0.0435006050977345
0.0000000000000000 0.0000000000000000 0.0000000000000000 0.0000000000000000
0.0951258210428791 0.0000000000000000 0.0000000000000000 0.0000000000000000
0.1353438644870823 0.0083380611138601 0.0000000000000000 0.0000000000000000
0.0331275627163111 0.0000000000000000 0.0689469748048806 0.0000000000000000
0.0000000000000000 0.0000000000000000 0.0373341039553576 0.0466999681155180
0.0000000000000000 0.0000000000000000 0.0000000000000000 0.0000000000000000
0.1119943934766686 0.0000000000000000 0.0000000000000000 0.0000000000000000
0.0000000000000000 0.0000000000000000 0.0653771482700226 0.0433680807569010
0.0000000000000000 0.0000000000000000 0.0000000000000000 0.0000000000000000
0.0000000000000000 0.0100803265311554 0.2940737040092547 0.0000000000000000
0.0000000000000000 0.1293889827953249 0.3946973916508402 0.0000000000000000
0.0000000000000000 0.2028343823099253 0.4783029684979541 0.0000000000000000
0.0000000000000000 0.1420604809461270 0.5183843088135416 0.0000000000000000
0.0000000000000000 0.0000000000000000 0.4654306061565876 0.0000000000000000
0.0000000000000000 0.0000000000000000 0.2910707723641512 0.0000000000000000
0.0000000000000000 0.0000000000000000 0.1359551218502661 0.0000000000000000
0.0000000000000000 0.0666040474074144 0.0255799008058567 0.0000000000000000
0.0000000000000000 0.0000000000000000 0.2786458403529489 0.0155669261865756
0.0000000000000000 0.0000000000000000 0.0000000000000000 0.1186339663962523
0.0947376705706118 0.0000000000000000 0.0000000000000000 0.0000000000000000
0.0422803508154317 0.0000000000000000 0.0000000000000000 0.0000000000000000
0.2243631310760975 0.0000000000000000 0.0094789615740964 0.0000000000000000
0.0000000000000000 0.0000000000000000 0.0000000000000000 0.0000000000000000
0.0000000000000000 0.0000000000000000 0.0000000000000000 0.0187905018473519
0.0000000000000000 0.0000000000000000 0.0000000000000000 0.0267158388087124
0.0000000000000000 0.0000000000000000 0.0208625697914290 0.0350567777841991
0.0000000000000000 0.0000000000000000 0.0225042322394896 0.0350117305165850
0.0000000000000000 0.0000000000000000 0.0330715259135353 0.0340084372015268
0.0000000000000000 0.0000000000000000 0.0317159931741509 0.0478544242899207
0.0000000000000000 0.0000000000000000 0.0000000000000000 0.0332040632472319
0.0724526203584436 0.0000000000000000 0.0000000000000000 0.0000000000000000
0.1827718246070776 0.0000000000000000 0.0000000000000000 0.0000000000000000
0.1475264567808777 0.0000000000000000 0.0000000000000000 0.0000000000000000
0.0390791530556537 0.0000000000000000 0.0797984388602130 0.0000000000000000
0.0000000000000000 0.0000000000000000 0.0445949201344276 0.0594248998526702
0.0000000000000000 0.0000000000000000 0.0000000000000000 0.0000000000000000
0.0371825434267520 0.0000000000000000 0.0000000000000000 0.0000000000000000
0.0354166591138232 0.0000000000000000 0.0000000000000000 0.0270715991235977
0.0079202493470089 0.0000000000000000 0.0000000000000000 0.0856130984593548
0.0321638129359366 0.0000000000000000 0.0000000000000000 0.0600142901142439
0.0000000000000000 0.0000000000000000 0.0491301538532271 0.0166472086847266
0.0000000000000000 0.0000000000000000 0.0803490394470739 0.0000000000000000
0.0000000000000000 0.0000000000000000 0.1512684191778011 0.0000000000000000
0.0000000000000000 0.0000000000000000 0.1562104721279705 0.0000000000000000
0.0000000000000000 0.0000000000000000 0.1425360926079982 0.0000000000000000
0.0000000000000000 0.0000000000000000 0.0561629986573084 0.0000000000000000
0.0000000000000000 0.0685107326317652 0.0000000000000000 0.0000000000000000
0.0000000000000000 0.0000000000000000 0.1977357755616015 0.0027329385700617
0.0000000000000000 0.0000000000000000 0.0000000000000000 0.0907354261415700
0.1550823321967733 0.0000000000000000 0.0000000000000000 0.0000000000000000
0.0421136137755478 0.0967494186598296 0.0000000000000000 0.0000000000000000
0.1554632126554555 0.0000000000000000 0.0002690528026398 0.0000000000000000
0.0000000000000000 0.0000000000000000 0.0004547521545022 0.0000000000000000
0.0000000000000000 0.0000000000000000 0.0000000000000000 0.0173099300166702
0.0000000000000000 0.0000000000000000 0.0000000000000000 0.0446143818252227
0.0149432468501962 0.0000000000000000 0.0000000000000000 0.0579873440641106
0.0234040859721455 0.0000000000000000 0.0000000000000000 0.0602822644489945
0.0206096356844201 0.0000000000000000 0.0000000000000000 0.0563493870235249
0.0242562162379426 0.0000000000000000 0.0000000000000000 0.0602313657565152
0.1092805264481143 0.0000000000000000 0.0000000000000000 0.0014688169583678
0.2138300068676473 0.0000000000000000 0.0000000000000000 0.0000000000000000
0.1589016986097774 0.0000000000000000 0.0000000000000000 0.0000000000000000
0.0653901153189293 0.0000000000000000 0.0000000000000000 0.0000000000000000
0.0000000000000000 0.0000000000000000 0.1427268741323667 0.0000000000000000
0.0000000000000000 0.0000000000000000 0.0812733689651771 0.0647808111418842
0.0000000000000000 0.0000000000000000 0.0000000000000000 0.0000000000000000
0.0249954508654043 0.0000000000000000 0.0103094166108205 0.0000000000000000
0.0026012414080256 0.0000000000000000 0.0017196748843964 0.0000000000000000
0.0000000000000000 0.0000000000000000 0.0001313345031994 0.0688469339344723
0.0000000000000000 0.0000000000000000 0.0000000000000000 0.1099715610874780
0.0000000000000000 0.0000000000000000 0.0000000000000000 0.0590161498745574
0.0000000000000000 0.0000000000000000 0.0000000000000000 0.0296472545786231
0.0000000000000000 0.0000000000000000 0.0000000000000000 0.0046528486388863
0.0000000000000000 0.0000000000000000 0.0000000000000000 0.0000000000000000
0.0000000000000000 0.0000000000000000 0.0079004759078516 0.0000000000000000
0.0000000000000000 0.0000000000000000 0.0000000000000000 0.0000000000000000
0.0883702284419068 0.0907912284647133 0.0000000000000000 0.0000000000000000
0.0885151018552920 0.0000000000000000 0.0668237185507430 0.0000000000000000
0.0055265601797431 0.0000000000000000 0.0000000000000000 0.0584520171597308
0.1026872766806799 0.0000000000000000 0.0274915335882528 0.0000000000000000
0.0565290602837123 0.1047764638548388 0.0000000000000000 0.0000000000000000
0.0881724980970224 0.0000000000000000 0.0000000000000000 0.0000000000000000
0.0352829530396882 0.0000000000000000 0.0000000000000000 0.0000000000000000
0.0527514049089422 0.0000000000000000 0.0000000000000000 0.0316696092029852
0.0072062959127566 0.0000000000000000 0.0000000000000000 0.0216370334848762
0.0132117282380078 0.0000000000000000 0.0000000000000000 0.0477138769612008
0.0000000000000000 0.0000000000000000 0.0000000000000000 0.0493812442848495
0.0000000000000000 0.0000000000000000 0.0000000000000000 0.0596040634986232
0.0144188963168977 0.0000000000000000 0.0000000000000000 0.0253309158005697
0.0851889614234952 0.0000000000000000 0.0000000000000000 0.0000000000000000
0.1262550895558852 0.0223793892956832 0.0000000000000000 0.0000000000000000
0.1164410937504442 0.0000000000000000 0.0000000000000000 0.0000000000000000
0.0597942461424015 0.0000000000000000 0.0000000000000000 0.0000000000000000
0.0000000000000000 0.0000000000000000 0.1211359400594351 0.0146610140672647
0.0000000000000000 0.0000000000000000 0.0000000000000000 0.0759748322560507
0.0000000000000000 0.0211904888570893 0.0000000000000000 0.0000000000000000
0.1072256636824093 0.0000000000000000 0.0006586320917397 0.0000000000000000
0.0000000000000000 0.0000000000000000 0.0400438662983623 0.0000000000000000
0.0000000000000000 0.0000000000000000 0.0136803267852348 0.0605794193880523
0.0000000000000000 0.0000000000000000 0.0000000000000000 0.0970476347624378
0.0400802803244075 0.0000000000000000 0.0000000000000000 0.0843532215256024
0.0413834717782103 0.0000000000000000 0.0000000000000000 0.0487223123875903
0.0374851442873478 0.0000000000000000 0.0000000000000000 0.0190368416372175
0.0267838695323935 0.0000000000000000 0.0000000000000000 0.0000000000000000
0.0291734335907534 0.0000000000000000 0.0000000000000000 0.0000000000000000
0.1012999607505750 0.0000000000000000 0.0000000000000000 0.0000000000000000
0.1736658984393466 0.0394054943659142 0.0000000000000000 0.0000000000000000
0.0824153343690377 0.0000000000000000 0.1147878567377726 0.0000000000000000
0.0000000000000000 0.0000000000000000 0.0000000000000000 0.0283541324329289
0.0000000000000000 0.0000000000000000 0.0693873758555626 0.0245169850741970
0.3266110771865237 0.0727278781653035 0.0000000000000000 0.0000000000000000
0.1656653172683482 0.0000000000000000 0.0000000000000000 0.0000000000000000
0.0292868223698700 0.0000000000000000 0.0000000000000000 0.0000000000000000
0.0669612185481717 0.0000000000000000 0.0000000000000000 0.0097770174837434
0.1136702101458522 0.0000000000000000 0.0000000000000000 0.0324878298093145
0.0459498280841930 0.0000000000000000 0.0000000000000000 0.0450834916557605
0.0100970259338033 0.0000000000000000 0.0000000000000000 0.0596705249930713
0.0065311501277429 0.0000000000000000 0.0000000000000000 0.0627170374909160
0.0518154859981115 0.0000000000000000 0.0000000000000000 0.0000000000000000
0.0557071283605755 0.0000000000000000 0.0000000000000000 0.0000000000000000
0.0269602614728842 0.0476082516286302 0.0000000000000000 0.0000000000000000
0.0403212713114186 0.0000000000000000 0.0000000000000000 0.0000000000000000
0.0706809247679568 0.0000000000000000 0.0000000000000000 0.0000000000000000
0.0000000000000000 0.0000000000000000 0.0836721957679474 0.0731812846883401
0.0000000000000000 0.0000000000000000 0.0000000000000000 0.0990713468734540
0.0000000000000000 0.0204072942409445 0.0000000000000000 0.0000000000000000
0.0000000000000000 0.0000000000000000 0.0235372505643789 0.0000000000000000
0.0000000000000000 0.0000000000000000 0.0069275091164837 0.0000000000000000
0.0000000000000000 0.0000000000000000 0.0020759303049714 0.0366335970203520
0.0000000000000000 0.0000000000000000 0.0000000000000000 0.0727155521804211
0.0000000000000000 0.0000000000000000 0.0000000000000000 0.0688502268646570
0.0008816053323886 0.0000000000000000 0.0000000000000000 0.0424473887108558
0.0201731072190932 0.0000000000000000 0.0000000000000000 0.0154444688985891
0.0794275964445928 0.0000000000000000 0.0000000000000000 0.0000000000000000
0.1476595725352859 0.0000000000000000 0.0000000000000000 0.0000000000000000
0.1661483097164071 0.0000000000000000 0.0000000000000000 0.0000000000000000
0.1923298993969665 0.0277413433162021 0.0000000000000000 0.0000000000000000
0.0157398810427562 0.0000000000000000 0.2073086895706021 0.0000000000000000
0.0000000000000000 0.0000000000000000 0.0416828442364931 0.0988173027230683
0.0000000000000000 0.0000000000000000 0.0109735400872487 0.0386268635590871
0.1658843184656957 0.1263855053148433 0.0000000000000000 0.0000000000000000
0.0070070385786833 0.0000000000000000 0.0085267265126401 0.0000000000000000
0.0637788649137113 0.0000000000000000 0.0000000000000000 0.0000000000000000
0.0916443362393800 0.0000000000000000 0.0000000000000000 0.0000000000000000
0.1647695400989523 0.0000000000000000 0.0000000000000000 0.0186026379940849
0.1375167154652231 0.0000000000000000 0.0000000000000000 0.0454944374331949
0.1006547204273589 0.0000000000000000 0.0000000000000000 0.0818222445874092
0.0256997858046317 0.0000000000000000 0.0000000000000000 0.0397373319293062
0.0456222708172658 0.0000000000000000 0.0000000000000000 0.0000000000000000
0.0243289325021062 0.0000000000000000 0.0000000000000000 0.0000000000000000
0.1713091552695809 0.0520915163717433 0.0000000000000000 0.0000000000000000
0.3055586488661814 0.0000000000000000 0.0000000000000000 0.0000000000000000
0.2425043655230720 0.0000000000000000 0.0000000000000000 0.0000000000000000
0.2303477846378205 0.0000000000000000 0.0000000000000000 0.1008793886878765
0.2232657181135580 0.0000000000000000 0.0000000000000000 0.1497887029403858
0.3938038846295255 0.0000000000000000 0.0000000000000000 0.0000000000000000
0.3521753213423139 0.0000000000000000 0.0000000000000000 0.0000000000000000
0.2449381082519597 0.0000000000000000 0.0000000000000000 0.0000000000000000
0.0560912264766645 0.0000000000000000 0.0027450124860978 0.0566628552900225
0.0000000000000000 0.0000000000000000 0.0000000000000000 0.0913838536770759
0.0000000000000000 0.0000000000000000 0.0000000000000000 0.0581497870970006
0.0540818154081410 0.0000000000000000 0.0000000000000000 0.0503346633494777
0.0800209092012806 0.0000000000000000 0.0000000000000000 0.0063951014595874
0.1039628601395618 0.0000000000000000 0.0000000000000000 0.0000000000000000
0.1845833279192448 0.0000000000000000 0.0000000000000000 0.0000000000000000
0.2218754742513682 0.0000000000000000 0.0000000000000000 0.0000000000000000
0.1458478755080233 0.0000000000000000 0.0000000000000000 0.0000000000000000
0.0166531760172516 0.0000000000000000 0.1402504168158653 0.0090422190944937
0.0000000000000000 0.0000000000000000 0.0000000000000000 0.1494193002216372
0.0931484810715796 0.0000000000000000 0.0000000000000000 0.0148989789242692
0.0000000000000000 0.2547437598380972 0.0601715053267339 0.0000000000000000
0.0000000000000000 0.0000000000000000 0.0142162211823697 0.0000000000000000
0.0898705922359345 0.0000000000000000 0.0000000000000000 0.0000000000000000
0.0742224037501157 0.0000000000000000 0.0000000000000000 0.0000000000000000
0.0970407339726009 0.0000000000000000 0.0000000000000000 0.0000000000000000
0.0744581252774772 0.0000000000000000 0.0000000000000000 0.0218858618252710
0.0841349533229481 0.0000000000000000 0.0000000000000000 0.0764355171307483
0.0798224190724832 0.0000000000000000 0.0000000000000000 0.0422919907789751
0.0418471603855199 0.0000000000000000 0.0000000000000000 0.0391257135215781
0.0085507563370117 0.0365494453804750 0.0000000000000000 0.0000000000000000
0.1738602022768235 0.1231856126484333 0.0000000000000000 0.0000000000000000
0.3399567826559730 0.1029338560633215 0.0000000000000000 0.0000000000000000
0.3693078156049345 0.0000000000000000 0.0000000000000000 0.0000000000000000
0.3165635528371615 0.0000000000000000 0.0000000000000000 0.0084027872767811
0.4338290490210057 0.0000000000000000 0.0000000000000000 0.0863357456327945
0.6848885802515580 0.0000000000000000 0.0000000000000000 0.0000000000000000
0.6690669340099772 0.0000000000000000 0.0000000000000000 0.0000000000000000
0.5120714052488990 0.0000000000000000 0.0000000000000000 0.0000000000000000
0.2554025385747938 0.0000000000000000 0.0000000000000000 0.1145407478032890
0.0314876701755851 0.0000000000000000 0.0000000000000000 0.1165593333067554
0.0157303726994523 0.0000000000000000 0.0000000000000000 0.0205395374209712
0.0757479308720898 0.0000000000000000 0.0000000000000000 0.0291192663833499
0.1775914620973316 0.0000000000000000 0.0000000000000000 0.0000000000000000
0.2192419525308936 0.0000000000000000 0.0000000000000000 0.0000000000000000
0.2060322350000635 0.0000000000000000 0.0000000000000000 0.0000000000000000
0.2410069987908296 0.0000000000000000 0.0000000000000000 0.0000000000000000
0.1673713602125644 0.0000000000000000 0.0007306743413211 0.0000000000000000
0.0000000000000000 0.0000000000000000 0.0840582463232910 0.0526239702295438
0.0000000000000000 0.0000000000000000 0.0000000000000000 0.0826932843044109
0.0860903261192874 0.0000000000000000 0.0000000000000000 0.0000000000000000
0.0213504351675511 0.2911731444372265 0.0000000000000000 0.0000000000000000
0.1227663048780432 0.0273372754089388 0.0071127087827406 0.0000000000000000
0.0000000000000000 0.0000000000000000 0.0003150352733393 0.0000000000000000
0.0184378768153049 0.0000000000000000 0.0000000000000000 0.0000000000000000
0.0269751902158354 0.0000000000000000 0.0000000000000000 0.0000000000000000
0.0830104819553740 0.0000000000000000 0.0000000000000000 0.0000000000000000
0.0934434672050616 0.0000000000000000 0.0000000000000000 0.0392823603917278
0.0798843397667594 0.0000000000000000 0.0000000000000000 0.0558864725443223
0.0282094049541387 0.0000000000000000 0.0000000000000000 0.0773137726236646
0.0311434440606948 0.0595802842036766 0.0000000000000000 0.0000000000000000
0.0894421134363202 0.1946055968237274 0.0229340371621005 0.0000000000000000
0.0000000000000000 0.2473146731435669 0.1552744477841199 0.0000000000000000
0.0000000000000000 0.2340903676534985 0.2118405539250257 0.0000000000000000
0.0000000000000000 0.0000000000000000 0.1733323837393055 0.0000000000000000
0.0000000000000000 0.0000000000000000 0.0724622967488626 0.0000000000000000
0.0000000000000000 0.1185971273584109 0.0323096875466553 0.0000000000000000
0.0000000000000000 0.1378146543587540 0.1907373113521174 0.0000000000000000
0.0000000000000000 0.0000000000000000 0.2872138075165305 0.0000000000000000
0.0000000000000000 0.0000000000000000 0.2335941052319956 0.0853285564620998
0.0000000000000000 0.0000000000000000 0.0000000000000000 0.1087098131175427
0.0512204347141816 0.0000000000000000 0.0000000000000000 0.0000000000000000
0.0763485011955103 0.0000000000000000 0.0000000000000000 0.0000000000000000
0.1350549638709602 0.0000000000000000 0.0000000000000000 0.0000000000000000
0.1889353791726570 0.0000000000000000 0.0000000000000000 0.0000000000000000
0.2724200025931293 0.0000000000000000 0.0000000000000000 0.0000000000000000
0.2648912798978533 0.0000000000000000 0.0000000000000000 0.0000000000000000
0.1250402770644309 0.0000000000000000 0.0818646445505176 0.0000000000000000
0.0000000000000000 0.0000000000000000 0.0000000000000000 0.0833765669926709
0.0000000000000000 0.0000000000000000 0.0000000000000000 0.0325398896857366
0.0559232315450324 0.0000000000000000 0.0000000000000000 0.0000000000000000
0.0000000000000000 0.2995961723301340 0.2478063678405449 0.0000000000000000
0.0000000000000000 0.3451642099183563 0.1445484151077621 0.0000000000000000
0.0000000000000000 0.1070567490934742 0.1653086280632837 0.0000000000000000
0.0124616595898188 0.0000000000000000 0.0000000000000000 0.0000000000000000
0.0384283966147432 0.0000000000000000 0.0000000000000000 0.0000000000000000
0.0433184592016771 0.0000000000000000 0.0000000000000000 0.0000000000000000
0.0000000000000000 0.0000000000000000 0.0000000000000000 0.0000000000000000
0.0000000000000000 0.0000000000000000 0.0275805755865340 0.0726401893075045
0.0000000000000000 0.0000000000000000 0.0000000000000000 0.0592254548844900
0.0181241173808481 0.0000000000000000 0.0000000000000000 0.0000000000000000
0.0000000000000000 0.0528994013062294 0.0883673210500504 0.0000000000000000
0.0000000000000000 0.0923814795107818 0.2445559676444413 0.0000000000000000
0.0000000000000000 0.0673762728989708 0.4047026048323104 0.0000000000000000
0.0000000000000000 0.0462216278720720 0.4209636845498109 0.0000000000000000
0.0000000000000000 0.0000000000000000 0.4789419518674123 0.0000000000000000
0.0000000000000000 0.0384990353429434 0.3829260462712424 0.0000000000000000
0.0000000000000000 0.0482342713238562 0.4396818392928324 0.0000000000000000
0.0000000000000000 0.0000000000000000 0.4520326902907269 0.0000000000000000
0.0000000000000000 0.0000000000000000 0.2526333623072681 0.0803178072596591
0.0000000000000000 0.0000000000000000 0.0000000000000000 0.0584293341903270
0.0848469515495440 0.0000000000000000 0.0000000000000000 0.0000000000000000
0.1089677129744316 0.0000000000000000 0.0000000000000000 0.0000000000000000
0.1756106718936387 0.0000000000000000 0.0000000000000000 0.0000000000000000
0.2433795719608373 0.0000000000000000 0.0000000000000000 0.0000000000000000
0.2608663462394593 0.0000000000000000 0.0000000000000000 0.0000000000000000
0.1629892491096374 0.0000000000000000 0.0000000000000000 0.0000000000000000
0.0000000000000000 0.0000000000000000 0.1331957640674184 0.0000000000000000
0.0000000000000000 0.0000000000000000 0.0000000000000000 0.0591481161705566
0.0000000000000000 0.0000000000000000 0.0000000000000000 0.0019759418114144
0.0000075157804817 0.0000000000000000 0.0000000000000000 0.0000000000000000
0.0000000000000000 0.0046184390856354 0.2379831685301136 0.0000000000000000
0.0000000000000000 0.3778768467917746 0.0000000000000000 0.0000000000000000
0.0000000000000000 0.1197957557425195 0.1652278592116108 0.0000000000000000
0.0101945199072360 0.0000000000000000 0.0000000000000000 0.0000000000000000
0.0118534627352275 0.0000000000000000 0.0095477075918632 0.0000000000000000
0.0000000000000000 0.0000000000000000 0.0327602982959326 0.0000000000000000
0.0000000000000000 0.0000000000000000 0.0000000000000000 0.0165018826741360
0.0000000000000000 0.0000000000000000 0.0000000000000000 0.0622900599065948
0.0353926250017157 0.0000000000000000 0.0000000000000000 0.0445671249034942
0.0852194983439117 0.0000000000000000 0.0000000000000000 0.0000000000000000
0.0261732603843306 0.0000000000000000 0.0000000000000000 0.0049687482124450
0.0181995056277397 0.0000000000000000 0.0000000000000000 0.0000000000000000
0.0000000000000000 0.0000000000000000 0.0879849784660574 0.0000000000000000
0.0000000000000000 0.0000000000000000 0.1259443946182727 0.0000000000000000
0.0000000000000000 0.0000000000000000 0.1603653796309349 0.0026951780707082
0.0000000000000000 0.0000000000000000 0.0671630495465269 0.0157042451440266
0.0000000000000000 0.0000000000000000 0.0000000000000000 0.0000000000000000
0.0000000000000000 0.0000000000000000 0.0067574981453956 0.0189318087152844
0.0016520857664885 0.0000000000000000 0.0000000000000000 0.0467267669445159
0.0218658393942844 0.0000000000000000 0.0000000000000000 0.0232424308545887
0.1166509676067268 0.0000000000000000 0.0000000000000000 0.0000000000000000
0.1077280441189514 0.0000000000000000 0.0000000000000000 0.0000000000000000
0.1766292015565377 0.0051344530036052 0.0000000000000000 0.0000000000000000
0.2485124503718872 0.0398068468287295 0.0000000000000000 0.0000000000000000
0.1685194183652308 0.0000000000000000 0.0000000000000000 0.0000000000000000
0.0000000000000000 0.0000000000000000 0.1581641657241419 0.0000000000000000
0.0000000000000000 0.0000000000000000 0.1646322360079662 0.0000000000000000
0.0000000000000000 0.0000000000000000 0.1089467510507973 0.0000000000000000
0.0000000000000000 0.0000000000000000 0.0117613041736915 0.0155837112051599
0.0000000000000000 0.0000000000000000 0.0000000000000000 0.0000000000000000
0.0101014061155272 0.0000000000000000 0.0000000000000000 0.0000000000000000
0.1131012599696132 0.4595209420969089 0.0000000000000000 0.0000000000000000
0.2135232857483275 0.1919887450322801 0.1079493540686135 0.0000000000000000
0.0000000000000000 0.0000000000000000 0.0000000000000000 0.0000000000000000
0.0000000000000000 0.0000000000000000 0.0343720523530946 0.0000000000000000
0.0000000000000000 0.0000000000000000 0.0000000000000000 0.0000000000000000
0.0196165967075264 0.0000000000000000 0.0000000000000000 0.0000000000000000
0.0660321122729310 0.0000000000000000 0.0000000000000000 0.0336647219955921
0.0806142511174959 0.0000000000000000 0.0000000000000000 0.0316845783799449
0.1806226347445275 0.0000000000000000 0.0000000000000000 0.0000000000000000
0.1950044887176913 0.0000000000000000 0.0000000000000000 0.0025527499031787
0.2234420142191298 0.0000000000000000 0.0000000000000000 0.0000000000000000
0.3104426125539285 0.0000000000000000 0.0000000000000000 0.0457821996170370
0.2683712102472783 0.0000000000000000 0.0000000000000000 0.0480885153216328
0.3681384722830035 0.0000000000000000 0.0000000000000000 0.0510612914375230
0.3690477372238451 0.0000000000000000 0.0000000000000000 0.0471731544636628
0.3171171898204908 0.0000000000000000 0.0000000000000000 0.0130487365593367
0.1780982979810705 0.0000000000000000 0.0000000000000000 0.0114775940447169
0.1157428047090185 0.0000000000000000 0.0000000000000000 0.0514065688256832
0.0898612957228633 0.0000000000000000 0.0000000000000000 0.0058178448173052
0.1205478297583028 0.0000000000000000 0.0000000000000000 0.0000000000000000
0.1804977209398556 0.0000000000000000 0.0000000000000000 0.0000000000000000
0.0811214703409110 0.0478205856958440 0.0000000000000000 0.0000000000000000
0.1002443659393226 0.0361557278489950 0.0000000000000000 0.0000000000000000
0.0000000000000000 0.0000000000000000 0.0147340224727112 0.0000000000000000
0.0000000000000000 0.0000000000000000 0.2289142548307485 0.0000000000000000
0.0000000000000000 0.0000000000000000 0.0609157981752765 0.0412543696990492
0.0000000000000000 0.0000000000000000 0.0721411014377487 0.0000000000000000
0.0000000000000000 0.0000000000000000 0.0000000000000000 0.0000000000000000
0.0032691552212425 0.0000000000000000 0.0000000000000000 0.0000000000000000
0.0000000000000000 0.0000000000000000 0.0000000000000000 0.0000000000000000
0.0988413709489737 0.4363124651870891 0.0000000000000000 0.0000000000000000
0.2347997006101936 0.1726887442098528 0.0632264076202524 0.0000000000000000
0.0082831975730027 0.0000000000000000 0.0078173175088915 0.0000000000000000
0.0000000000000000 0.0000000000000000 0.0000000000000000 0.0000000000000000
0.0000000000000000 0.0000000000000000 0.0000000000000000 0.0000000000000000
0.0562444121668151 0.0000000000000000 0.0000000000000000 0.0000000000000000
0.0864093047584973 0.0000000000000000 0.0000000000000000 0.0161976610310376
0.1700754801870562 0.0000000000000000 0.0000000000000000 0.0000000000000000
0.3802769203834676 0.0000000000000000 0.0000000000000000 0.0000000000000000
0.5199320469855093 0.0000000000000000 0.0000000000000000 0.0000000000000000
0.5095175332736736 0.0000000000000000 0.0000000000000000 0.0000000000000000
0.5025865675041490 0.0000000000000000 0.0000000000000000 0.0000000000000000
0.6465036850203486 0.0000000000000000 0.0000000000000000 0.0000000000000000
0.6642401800874403 0.0000000000000000 0.0000000000000000 0.0000000000000000
0.6330045855366717 0.0000000000000000 0.0000000000000000 0.0058526512436276
0.5814876081750673 0.0000000000000000 0.0000000000000000 0.0000000000000000
0.5335175831382181 0.0000000000000000 0.0000000000000000 0.0279389587632727
0.3657980906466641 0.0000000000000000 0.0000000000000000 0.0589031315572999
0.3318281417822135 0.0000000000000000 0.0000000000000000 0.0164957863023030
0.1111141082556809 0.0000000000000000 0.0000000000000000 0.0000000000000000
0.0600463657840792 0.0262449355175098 0.0000000000000000 0.0000000000000000
0.0510160845138279 0.0452583637526807 0.0000000000000000 0.0000000000000000
0.0000000000000000 0.0000000000000000 0.0444648572335057 0.0000000000000000
0.0000000000000000 0.0000000000000000 0.0078024360990407 0.0000000000000000
0.0000000000000000 0.0000000000000000 0.2045427200329654 0.0000000000000000
0.0000000000000000 0.0000000000000000 0.0000000000000000 0.0808252757908228
0.0018797233846842 0.0000000000000000 0.0000000000000000 0.0000000000000000
0.0105030087133249 0.0000000000000000 0.0000000000000000 0.0000000000000000
0.0130459381523085 0.0000000000000000 0.0000000000000000 0.0000000000000000
0.0080963276618836 0.0000000000000000 0.0000000000000000 0.0000000000000000
0.1159698691876495 0.4088448953906110 0.0000000000000000 0.0000000000000000
0.2314833147122579 0.1758633565011562 0.0616542482566015 0.0000000000000000
0.0183575535960057 0.0000000000000000 0.0000000000000000 0.0000000000000000
0.0162665991660426 0.0000000000000000 0.0000000000000000 0.0000000000000000
0.0173974834090355 0.0000000000000000 0.0000000000000000 0.0000000000000000
0.0199874469900832 0.0000000000000000 0.0000000000000000 0.0000000000000000
0.0229744151380716 0.0000000000000000 0.0000000000000000 0.0000000000000000
0.0919086484786341 0.0158665796632276 0.0000000000000000 0.0000000000000000
0.1177296690350653 0.0000000000000000 0.0000000000000000 0.0000000000000000
0.0346291907131672 0.0278839641415021 0.0000000000000000 0.0000000000000000
0.1467791255052183 0.0000000000000000 0.0000000000000000 0.0000000000000000
0.0282238646903458 0.0000000000000000 0.0000000000000000 0.0000000000000000
0.0000000000000000 0.0567246113118588 0.0000000000000000 0.0000000000000000
0.0000000000000000 0.0086603302216413 0.0397497730877469 0.0000000000000000
0.0211554159574650 0.0386361512848560 0.0000000000000000 0.0000000000000000
0.2423741373799596 0.0000000000000000 0.0000000000000000 0.0000000000000000
0.5549756412850875 0.0000000000000000 0.0000000000000000 0.0000000000000000
0.5282232959919115 0.0000000000000000 0.0000000000000000 0.0000000000000000
0.4178608186542987 0.0000000000000000 0.0000000000000000 0.0627856416299062
0.2730585338876528 0.0000000000000000 0.0000000000000000 0.0029467326899369
0.1500874551926173 0.0000000000000000 0.0000000000000000 0.0000000000000000
0.1595164927635706 0.0000000000000000 0.0000000000000000 0.0000000000000000
0.0081092548574886 0.0000000000000000 0.0087875065485052 0.0000000000000000
0.0000000000000000 0.0000000000000000 0.0000000000000000 0.0000000000000000
0.0000000000000000 0.0000000000000000 0.1728013620876215 0.0000000000000000
0.0000000000000000 0.0000000000000000 0.0000000000000000 0.0725166498445997
0.0000000000000000 0.0000000000000000 0.0000000000000000 0.0000000000000000
0.0000000000000000 0.0000000000000000 0.0000000000000000 0.0000000000000000
0.0059542222788520 0.0000000000000000 0.0000000000000000 0.0000000000000000
0.0000000000000000 0.0000000000000000 0.0000000000000000 0.0000000000000000
0.0227759386248448 0.3386613662555521 0.0000000000000000 0.0000000000000000
0.0000000000000000 0.2890883284675724 0.0947027866089460 0.0000000000000000
0.0000000000000000 0.0454912054699425 0.1454517883193844 0.0000000000000000
0.0000000000000000 0.0000000000000000 0.0000000000000000 0.0000000000000000
0.0431795209500135 0.0000000000000000 0.0000000000000000 0.0000000000000000
0.0188529222473210 0.0000000000000000 0.0003834235901926 0.0000000000000000
0.0018977598670652 0.0000000000000000 0.0000000000000000 0.0000000000000000
0.0000000000000000 0.0000000000000000 0.0000000000000000 0.0000000000000000
0.0906951856817684 0.0488143848218754 0.0172147536540733 0.0000000000000000
0.0000000000000000 0.0000000000000000 0.0785953613399875 0.0000000000000000
0.0000000000000000 0.0000000000000000 0.1638072310417306 0.0000000000000000
0.0000000000000000 0.0000000000000000 0.3188358012367697 0.0000000000000000
0.0000000000000000 0.0870831782107845 0.3778072765060499 0.0000000000000000
0.0000000000000000 0.0374114623329803 0.4902845540759611 0.0000000000000000
0.0000000000000000 0.3021477644569149 0.3015668552514969 0.0000000000000000
0.0000000000000000 0.2960576190887129 0.3644473757010465 0.0000000000000000
0.0000000000000000 0.2468169840600560 0.2507050924003125 0.0000000000000000
0.0000000000000000 0.0000000000000000 0.2512562954031369 0.0000000000000000
0.0000000000000000 0.0000000000000000 0.0524246182950104 0.0036905161652933
0.0000000000000000 0.0000000000000000 0.0000000000000000 0.0000000000000000
0.1412039618720026 0.0000000000000000 0.0000000000000000 0.0000000000000000
0.0979029691540729 0.0000000000000000 0.0000000000000000 0.0000000000000000
0.0888608371364134 0.0000000000000000 0.0000000000000000 0.0000000000000000
0.0000000000000000 0.0000000000000000 0.0430948395355076 0.0000000000000000
0.0000000000000000 0.0000000000000000 0.1345915454494603 0.0000000000000000
0.0000000000000000 0.0000000000000000 0.0000000000000000 0.0436079545768306
0.0000000000000000 0.0000000000000000 0.0000000000000000 0.0000000000000000
0.0007896795430605 0.0000000000000000 0.0000000000000000 0.0000000000000000
0.0000000000000000 0.0000000000000000 0.0000000000000000 0.0000000000000000
0.0062066402943694 0.0000000000000000 0.0000000000000000 0.0000000000000000
0.0000000000000000 0.0491886744239166 0.0014110447510201 0.0000000000000000
0.0616390432651136 0.3406704753418179 0.0000000000000000 0.0000000000000000
0.0000000000000000 0.0254837100631466 0.1342613997485708 0.0000000000000000
0.0533866030182324 0.0000000000000000 0.0000000000000000 0.0000000000000000
0.0768099956506607 0.0000000000000000 0.0000000000000000 0.0000000000000000
0.0393078664792519 0.0000000000000000 0.0000000000000000 0.0000000000000000
0.0372017638209988 0.0000000000000000 0.0000000000000000 0.0000000000000000
0.0677926629051274 0.0000000000000000 0.0000000000000000 0.0000000000000000
0.0804978921571198 0.0458143493927577 0.0000000000000000 0.0000000000000000
0.1676953682566391 0.0000000000000000 0.0000000000000000 0.0000000000000000
0.1456273259923740 0.0000000000000000 0.0000000000000000 0.0000000000000000
0.1412025420543026 0.0000000000000000 0.0000000000000000 0.0413408605692287
0.1668458857226605 0.0000000000000000 0.0000000000000000 0.0103210911154747
0.1767695351996843 0.0000000000000000 0.0000000000000000 0.0000000000000000
0.1061314145577888 0.0000000000000000 0.0000000000000000 0.0000000000000000
0.1003797956395385 0.0000000000000000 0.0788194856295983 0.0000000000000000
0.0000000000000000 0.0000000000000000 0.2111280919363102 0.0000000000000000
0.0000000000000000 0.0000000000000000 0.3074591747320751 0.0000000000000000
0.0000000000000000 0.0000000000000000 0.1042128518588987 0.0000000000000000
0.0000000000000000 0.0000000000000000 0.0000000000000000 0.0000000000000000
0.0986232700155061 0.0000000000000000 0.0000000000000000 0.0000000000000000
0.0000000000000000 0.0000000000000000 0.0000000000000000 0.0000000000000000
0.0849670154060803 0.0000000000000000 0.0000000000000000 0.0000000000000000
0.0000000000000000 0.0000000000000000 0.1337393994643993 0.0000000000000000
0.0000000000000000 0.0000000000000000 0.0215980225918340 0.0536455722781373
0.0000000000000000 0.0000000000000000 0.0000000000000000 0.0046293436129596
0.0123212819444197 0.0000000000000000 0.0000000000000000 0.0000000000000000
0.0174644768091979 0.0000000000000000 0.0000000000000000 0.0000000000000000
0.0138795321916833 0.0000000000000000 0.0000000000000000 0.0000000000000000
0.0000000000000000 0.0000000000000000 0.0000000000000000 0.0000000000000000
0.0000000000000000 0.0000000000000000 0.0000000000000000 0.0000000000000000
0.0016236910486924 0.3145787909700006 0.0000000000000000 0.0000000000000000
0.0141800678097734 0.2384572017207449 0.0591265058400584 0.0000000000000000
0.0000000000000000 0.1173633839350705 0.0516384434174089 0.0000000000000000
0.0975708587935157 0.0000000000000000 0.0000000000000000 0.0000000000000000
0.0325179693015183 0.0000000000000000 0.0000000000000000 0.0000000000000000
0.0393930030073605 0.0000000000000000 0.0000000000000000 0.0000000000000000
0.0858009746115582 0.0000000000000000 0.0000000000000000 0.0000000000000000
0.0626620615668158 0.0046525139945979 0.0000000000000000 0.0000000000000000
0.0000000000000000 0.0247710396773091 0.0637072786469671 0.0000000000000000
0.0000000000000000 0.0000000000000000 0.0271697851226610 0.0000000000000000
0.0568485729104163 0.0000000000000000 0.0000000000000000 0.0000000000000000
0.4168405754747344 0.0000000000000000 0.0000000000000000 0.0000000000000000
0.6341750733262183 0.0000000000000000 0.0000000000000000 0.0000000000000000
0.6222830219449951 0.0000000000000000 0.0000000000000000 0.0000000000000000
0.5544962510612664 0.0000000000000000 0.0000000000000000 0.0000000000000000
0.2539925895339132 0.0000000000000000 0.0000000000000000 0.0000000000000000
0.0067137830251571 0.0000000000000000 0.0000000000000000 0.0000000000000000
0.0000000000000000 0.0000000000000000 0.0000000000000000 0.0000000000000000
0.1051655954443941 0.0000000000000000 0.0000000000000000 0.0000000000000000
0.0681867972162424 0.0000000000000000 0.0000000000000000 0.0000000000000000
0.0684130978788816 0.0000000000000000 0.0000000000000000 0.0000000000000000
0.0063729114246133 0.0000000000000000 0.0261169296707593 0.0000000000000000
0.0000000000000000 0.0000000000000000 0.1606070921482408 0.0000000000000000
0.0000000000000000 0.0000000000000000 0.0000000000000000 0.0523752243477194
0.0000000000000000 0.0000000000000000 0.0000000000000000 0.0000000000000000
0.0045457842157167 0.0000000000000000 0.0000000000000000 0.0000000000000000
0.0000000000000000 0.0000000000000000 0.0000000000000000 0.0000000000000000
0.0001882322716946 0.0000000000000000 0.0000000000000000 0.0000000000000000
0.0000000000000000 0.0000000000000000 0.0000000000000000 0.0000000000000000
0.0100611646824024 0.0000000000000000 0.0000000000000000 0.0000000000000000
0.0000000000000000 0.0356367632235383 0.0091034113338180 0.0000000000000000
0.0839362515976616 0.3895920578098180 0.0000000000000000 0.0000000000000000
0.0036602662328411 0.0657729597871794 0.0782719809854147 0.0000000000000000
0.1494894456483570 0.0000000000000000 0.0000000000000000 0.0000000000000000
0.0777991990102272 0.0000000000000000 0.0000000000000000 0.0000000000000000
0.0408835106474511 0.0000000000000000 0.0000000000000000 0.0000000000000000
0.0513876625574103 0.0000000000000000 0.0000000000000000 0.0000000000000000
0.0078052830900632 0.0000000000000000 0.0000000000000000 0.0000000000000000
0.0000000000000000 0.0000000000000000 0.1348726666295060 0.0000000000000000
0.0000000000000000 0.0002007707734318 0.2356790797090998 0.0000000000000000
0.0000000000000000 0.0858625103226480 0.2446522911681848 0.0000000000000000
0.0000000000000000 0.1615012126299096 0.2293728206379741 0.0000000000000000
0.0000000000000000 0.1477004443970966 0.2251025887680989 0.0000000000000000
0.0000000000000000 0.1337279335906108 0.2019626065796497 0.0000000000000000
0.0000000000000000 0.0000000000000000 0.2552970246941435 0.0000000000000000
0.0000000000000000 0.0000000000000000 0.1626664282498406 0.0000000000000000
0.0000000000000000 0.0000000000000000 0.0046723702082447 0.0000000000000000
0.0000000000000000 0.0000000000000000 0.0000000000000000 0.0000000000000000
0.1022782048027889 0.0000000000000000 0.0000000000000000 0.0000000000000000
0.0499092755218347 0.0000000000000000 0.0000000000000000 0.0000000000000000
0.0705324758355523 0.0000000000000000 0.0000000000000000 0.0000000000000000
0.0000000000000000 0.0000000000000000 0.1079372561518467 0.0000000000000000
0.0000000000000000 0.0000000000000000 0.0548500385281502 0.0524568112366193
0.0000000000000000 0.0000000000000000 0.0000000000000000 0.0061682758085868
0.0111482866692779 0.0000000000000000 0.0000000000000000 0.0000000000000000
0.0000000000000000 0.0000000000000000 0.0000000000000000 0.0000000000000000
0.0025198176649272 0.0000000000000000 0.0000000000000000 0.0000000000000000
0.0000000000000000 0.0000000000000000 0.0000000000000000 0.0000000000000000
