0.0000000000000000 0.0000000000000000 0.0000000000000000 0.0314941406250000
0.0966796875000000 0.0000000000000000 0.0000000000000000 0.0000000000000000
0.2703247070312500 0.0314331054687500 0.0000000000000000 0.0000000000000000
0.2841796875000000 0.0000000000000000 0.0000000000000000 0.0000000000000000
0.0989990234375000 0.0000000000000000 0.0000000000000000 0.0000000000000000
0.1614379882812500 0.0000000000000000 0.0000000000000000 0.0000000000000000
0.0104370117187500 0.0000000000000000 0.0000000000000000 0.0000000000000000
0.0022583007812500 0.0000000000000000 0.0000000000000000 0.0116577148437500
0.0000000000000000 0.0000000000000000 0.0000000000000000 0.0259399414062500
0.0000000000000000 0.0000000000000000 0.0000000000000000 0.0567626953125000
0.0000000000000000 0.0000000000000000 0.0000000000000000 0.0639038085937500
0.0000000000000000 0.0000000000000000 0.0000000000000000 0.0833740234375000
0.0000000000000000 0.0000000000000000 0.0000000000000000 0.0900878906250000
0.0000000000000000 0.0000000000000000 0.0000000000000000 0.0756225585937500
0.0020751953125000 0.0000000000000000 0.0000000000000000 0.0839233398437500
0.0146484375000000 0.0000000000000000 0.0000000000000000 0.0853271484375000
0.0000000000000000 0.0000000000000000 0.0000000000000000 0.0724487304687500
0.0000000000000000 0.0000000000000000 0.0000000000000000 0.0636596679687500
0.0000000000000000 0.0000000000000000 0.0034179687500000 0.0567626953125000
0.0000000000000000 0.0000000000000000 0.0000000000000000 0.0531616210937500
0.0000000000000000 0.0000000000000000 0.0000000000000000 0.0167236328125000
0.0000000000000000 0.0000000000000000 0.0000000000000000 0.0000000000000000
0.0000000000000000 0.0000000000000000 0.0000000000000000 0.0000000000000000
0.0389404296875000 0.0000000000000000 0.0000000000000000 0.0000000000000000
0.0839233398437500 0.0000000000000000 0.0000000000000000 0.0000000000000000
0.0593261718750000 0.0000000000000000 0.0000000000000000 0.0000000000000000
0.0730590820312500 0.0000000000000000 0.0000000000000000 0.0766601562500000
0.0703125000000000 0.0000000000000000 0.0000000000000000 0.0537109375000000
0.1093750000000000 0.0000000000000000 0.0000000000000000 0.0000000000000000
0.0397338867187500 0.0000000000000000 0.0000000000000000 0.0000000000000000
0.0280761718750000 0.0000000000000000 0.0000000000000000 0.0249633789062500
0.1743164062500000 0.0848388671875000 0.0000000000000000 0.0000000000000000
0.2424316406250000 0.0000000000000000 0.0000000000000000 0.0000000000000000
0.1569824218750000 0.0000000000000000 0.0000000000000000 0.0000000000000000
0.0000000000000000 0.0000000000000000 0.0000000000000000 0.0000000000000000
0.1238403320312500 0.0000000000000000 0.0000000000000000 0.0000000000000000
0.0162353515625000 0.0000000000000000 0.0000000000000000 0.0000000000000000
0.0052490234375000 0.0000000000000000 0.0000000000000000 0.0000000000000000
0.0000000000000000 0.0000000000000000 0.0000000000000000 0.0333251953125000
0.0000000000000000 0.0000000000000000 0.0000000000000000 0.0592651367187500
0.0362548828125000 0.0000000000000000 0.0000000000000000 0.0678100585937500
0.0223388671875000 0.0000000000000000 0.0000000000000000 0.0980224609375000
0.0075683593750000 0.0000000000000000 0.0000000000000000 0.0967407226562500
0.0618896484375000 0.0000000000000000 0.0000000000000000 0.0770263671875000
0.0225830078125000 0.0000000000000000 0.0000000000000000 0.0681152343750000
0.0006713867187500 0.0000000000000000 0.0000000000000000 0.0817260742187500
0.0000000000000000 0.0000000000000000 0.0000000000000000 0.0883789062500000
0.0000000000000000 0.0000000000000000 0.0000000000000000 0.0820312500000000
0.0000000000000000 0.0000000000000000 0.0000000000000000 0.0740356445312500
0.0017700195312500 0.0000000000000000 0.0000000000000000 0.0607910156250000
0.0286865234375000 0.0000000000000000 0.0000000000000000 0.0216064453125000
0.0484619140625000 0.0000000000000000 0.0000000000000000 0.0000000000000000
0.0604248046875000 0.0000000000000000 0.0000000000000000 0.0000000000000000
0.0587768554687500 0.0000000000000000 0.0000000000000000 0.0000000000000000
0.0930786132812500 0.0000000000000000 0.0000000000000000 0.0000000000000000
0.0936279296875000 0.0000000000000000 0.0000000000000000 0.0000000000000000
0.0723876953125000 0.0000000000000000 0.0000000000000000 0.0455932617187500
0.0495605468750000 0.0000000000000000 0.0000000000000000 0.0451049804687500
0.0647583007812500 0.0000000000000000 0.0000000000000000 0.0000000000000000
0.0524902343750000 0.0000000000000000 0.0000000000000000 0.0000000000000000
0.1093139648437500 0.0000000000000000 0.0000000000000000 0.0000000000000000
0.2616577148437500 0.1275634765625000 0.0000000000000000 0.0000000000000000
0.2553710937500000 0.0000000000000000 0.0000000000000000 0.0000000000000000
0.0795288085937500 0.0000000000000000 0.0000000000000000 0.0000000000000000
0.1608276367187500 0.0000000000000000 0.0000000000000000 0.0000000000000000
0.1149291992187500 0.0000000000000000 0.0000000000000000 0.0000000000000000
0.0000000000000000 0.0000000000000000 0.0226440429687500 0.0000000000000000
0.0000000000000000 0.0000000000000000 0.0000000000000000 0.0042114257812500
0.0000000000000000 0.0000000000000000 0.0000000000000000 0.0308837890625000
0.0000000000000000 0.0000000000000000 0.0000000000000000 0.0319213867187500
0.0000000000000000 0.0000000000000000 0.0000000000000000 0.0485229492187500
0.0000000000000000 0.0000000000000000 0.0000000000000000 0.0913085937500000
0.0000000000000000 0.0000000000000000 0.0000000000000000 0.0627441406250000
0.0131225585937500 0.0000000000000000 0.0000000000000000 0.0681762695312500
0.0000000000000000 0.0000000000000000 0.0000000000000000 0.0737915039062500
0.0000000000000000 0.0000000000000000 0.0000000000000000 0.0747070312500000
0.0000000000000000 0.0000000000000000 0.0000000000000000 0.0836791992187500
0.0436401367187500 0.0000000000000000 0.0000000000000000 0.0852050781250000
0.0688476562500000 0.0000000000000000 0.0000000000000000 0.0735473632812500
0.0494384765625000 0.0000000000000000 0.0000000000000000 0.0546264648437500
0.0801391601562500 0.0000000000000000 0.0000000000000000 0.0267944335937500
0.0650634765625000 0.0000000000000000 0.0000000000000000 0.0000000000000000
0.0634155273437500 0.0000000000000000 0.0000000000000000 0.0000000000000000
0.0524291992187500 0.0000000000000000 0.0000000000000000 0.0000000000000000
0.0709838867187500 0.0000000000000000 0.0000000000000000 0.0000000000000000
0.0622558593750000 0.0000000000000000 0.0000000000000000 0.0000000000000000
0.0000000000000000 0.0000000000000000 0.0231323242187500 0.0140991210937500
0.0000000000000000 0.0000000000000000 0.0141601562500000 0.0563964843750000
0.0000000000000000 0.0000000000000000 0.0000000000000000 0.0000000000000000
0.0000000000000000 0.0006713867187500 0.0000000000000000 0.0000000000000000
0.1160278320312500 0.0000000000000000 0.0000000000000000 0.0000000000000000
0.2100830078125000 0.1105346679687500 0.0000000000000000 0.0000000000000000
0.2950439453125000 0.0000000000000000 0.0000000000000000 0.0000000000000000
0.1701049804687500 0.0000000000000000 0.0000000000000000 0.0000000000000000
0.2066650390625000 0.0000000000000000 0.0000000000000000 0.0000000000000000
0.0260620117187500 0.0000000000000000 0.0000000000000000 0.0000000000000000
0.0000000000000000 0.0000000000000000 0.0793457031250000 0.0000000000000000
0.0000000000000000 0.0000000000000000 0.0000000000000000 0.0000000000000000
0.0000000000000000 0.0000000000000000 0.0004882812500000 0.0093994140625000
0.0000000000000000 0.0000000000000000 0.0131835937500000 0.0245361328125000
0.0000000000000000 0.0000000000000000 0.0494384765625000 0.0671386718750000
0.0000000000000000 0.0000000000000000 0.0000000000000000 0.0678710937500000
0.0000000000000000 0.0000000000000000 0.0103149414062500 0.0511474609375000
0.0000000000000000 0.0000000000000000 0.0000000000000000 0.0711059570312500
0.0000000000000000 0.0000000000000000 0.0000000000000000 0.0847167968750000
0.0101318359375000 0.0000000000000000 0.0000000000000000 0.0736694335937500
0.0072631835937500 0.0000000000000000 0.0000000000000000 0.0604858398437500
0.0000000000000000 0.0000000000000000 0.0000000000000000 0.0595092773437500
0.0151367187500000 0.0000000000000000 0.0000000000000000 0.0656738281250000
0.0183105468750000 0.0000000000000000 0.0000000000000000 0.0360717773437500
0.0419311523437500 0.0000000000000000 0.0000000000000000 0.0165405273437500
0.0268554687500000 0.0000000000000000 0.0000000000000000 0.0000000000000000
0.0179443359375000 0.0000000000000000 0.0000000000000000 0.0000000000000000
0.0211791992187500 0.0000000000000000 0.0000000000000000 0.0000000000000000
0.0625000000000000 0.0000000000000000 0.0000000000000000 0.0000000000000000
0.0849609375000000 0.0000000000000000 0.0000000000000000 0.0000000000000000
0.0000000000000000 0.0000000000000000 0.0410766601562500 0.0242919921875000
0.0000000000000000 0.0000000000000000 0.0000000000000000 0.0985107421875000
0.0000000000000000 0.0000000000000000 0.0000000000000000 0.0137939453125000
0.0250854492187500 0.0000000000000000 0.0000000000000000 0.0000000000000000
0.1561279296875000 0.0477905273437500 0.0000000000000000 0.0000000000000000
0.2298583984375000 0.0683593750000000 0.0000000000000000 0.0000000000000000
0.2373657226562500 0.0000000000000000 0.0000000000000000 0.0000000000000000
0.1228027343750000 0.0000000000000000 0.0000000000000000 0.0000000000000000
0.0290527343750000 0.0000000000000000 0.0543212890625000 0.0000000000000000
0.0000000000000000 0.0000000000000000 0.0028686523437500 0.0000000000000000
0.0000000000000000 0.0000000000000000 0.0910034179687500 0.0000000000000000
0.0000000000000000 0.0000000000000000 0.0858154296875000 0.0000000000000000
0.0000000000000000 0.0000000000000000 0.0594482421875000 0.0079956054687500
0.0000000000000000 0.0000000000000000 0.0508422851562500 0.0449218750000000
0.0000000000000000 0.0000000000000000 0.0000000000000000 0.0722656250000000
0.0000000000000000 0.0000000000000000 0.0000000000000000 0.0717163085937500
0.0000000000000000 0.0000000000000000 0.0000000000000000 0.0741577148437500
0.0000000000000000 0.0000000000000000 0.0000000000000000 0.0726318359375000
0.0000000000000000 0.0000000000000000 0.0000000000000000 0.0607299804687500
0.0000000000000000 0.0000000000000000 0.0000000000000000 0.0684814453125000
0.0050659179687500 0.0000000000000000 0.0000000000000000 0.0537109375000000
0.0000000000000000 0.0000000000000000 0.0261840820312500 0.0642089843750000
0.0000000000000000 0.0000000000000000 0.0000000000000000 0.0577392578125000
0.0000000000000000 0.0000000000000000 0.0000000000000000 0.0188598632812500
0.0000000000000000 0.0000000000000000 0.0000000000000000 0.0197753906250000
0.0000000000000000 0.0000000000000000 0.0000000000000000 0.0000000000000000
0.0232543945312500 0.0000000000000000 0.0000000000000000 0.0000000000000000
0.0714111328125000 0.0000000000000000 0.0000000000000000 0.0000000000000000
0.1032104492187500 0.0000000000000000 0.0000000000000000 0.0000000000000000
0.0936889648437500 0.0000000000000000 0.0000000000000000 0.0000000000000000
0.0379638671875000 0.0000000000000000 0.0000000000000000 0.0180664062500000
0.0330810546875000 0.0000000000000000 0.0000000000000000 0.1199951171875000
0.0509033203125000 0.0000000000000000 0.0000000000000000 0.0337524414062500
0.0678710937500000 0.0115966796875000 0.0000000000000000 0.0000000000000000
0.1014404296875000 0.1680297851562500 0.0000000000000000 0.0000000000000000
0.1424560546875000 0.1627197265625000 0.0000000000000000 0.0000000000000000
0.1298217773437500 0.0000000000000000 0.0000000000000000 0.0000000000000000
0.0532226562500000 0.0000000000000000 0.0000000000000000 0.0000000000000000
0.0000000000000000 0.0000000000000000 0.0708007812500000 0.0000000000000000
0.0000000000000000 0.0000000000000000 0.0626831054687500 0.0000000000000000
0.0000000000000000 0.0000000000000000 0.1092529296875000 0.0000000000000000
0.0000000000000000 0.0000000000000000 0.0950927734375000 0.0000000000000000
0.0000000000000000 0.0000000000000000 0.0599975585937500 0.0234375000000000
0.0000000000000000 0.0000000000000000 0.0026855468750000 0.0449829101562500
0.0000000000000000 0.0000000000000000 0.0000000000000000 0.0657348632812500
0.0000000000000000 0.0000000000000000 0.0000000000000000 0.0735473632812500
0.0000000000000000 0.0000000000000000 0.0000000000000000 0.0812377929687500
0.0000000000000000 0.0000000000000000 0.0000000000000000 0.0770263671875000
0.0034790039062500 0.0000000000000000 0.0000000000000000 0.0671997070312500
0.0000000000000000 0.0000000000000000 0.0000000000000000 0.0549926757812500
0.0000000000000000 0.0000000000000000 0.0000000000000000 0.0729980468750000
0.0000000000000000 0.0000000000000000 0.0000000000000000 0.0789794921875000
0.0000000000000000 0.0000000000000000 0.0000000000000000 0.0678710937500000
0.0240478515625000 0.0000000000000000 0.0000000000000000 0.0332641601562500
0.0087280273437500 0.0000000000000000 0.0000000000000000 0.0327758789062500
0.0223388671875000 0.0000000000000000 0.0000000000000000 0.0000000000000000
0.0125122070312500 0.0000000000000000 0.0000000000000000 0.0000000000000000
0.0541992187500000 0.0000000000000000 0.0000000000000000 0.0000000000000000
0.0480957031250000 0.0000000000000000 0.0000000000000000 0.0000000000000000
0.0649414062500000 0.0000000000000000 0.0000000000000000 0.0000000000000000
0.0507812500000000 0.0000000000000000 0.0000000000000000 0.0000000000000000
0.0340576171875000 0.0000000000000000 0.0000000000000000 0.0867919921875000
0.0556030273437500 0.0000000000000000 0.0000000000000000 0.0789794921875000
0.0907592773437500 0.0000000000000000 0.0000000000000000 0.0000000000000000
0.0426635742187500 0.1858520507812500 0.0000000000000000 0.0000000000000000
0.0715332031250000 0.1734008789062500 0.0187988281250000 0.0000000000000000
0.0098266601562500 0.0229492187500000 0.0000000000000000 0.0000000000000000
0.0109863281250000 0.0000000000000000 0.0258789062500000 0.0000000000000000
0.0375976562500000 0.0000000000000000 0.0000000000000000 0.0000000000000000
0.1435546875000000 0.0000000000000000 0.0000000000000000 0.0000000000000000
0.4303588867187500 0.0000000000000000 0.0000000000000000 0.0292968750000000
0.5718994140625000 0.0000000000000000 0.0000000000000000 0.0476074218750000
0.6030883789062500 0.0000000000000000 0.0000000000000000 0.0565795898437500
0.5775756835937500 0.0000000000000000 0.0000000000000000 0.0926513671875000
0.3969116210937500 0.0000000000000000 0.0000000000000000 0.0979003906250000
0.2088623046875000 0.0000000000000000 0.0000000000000000 0.0942993164062500
0.1187744140625000 0.0000000000000000 0.0000000000000000 0.0895996093750000
0.0728759765625000 0.0000000000000000 0.0000000000000000 0.0913085937500000
0.0620117187500000 0.0000000000000000 0.0000000000000000 0.0720214843750000
0.0581665039062500 0.0000000000000000 0.0000000000000000 0.0731201171875000
0.0294189453125000 0.0000000000000000 0.0000000000000000 0.0705566406250000
0.0897216796875000 0.0000000000000000 0.0000000000000000 0.0813598632812500
0.0919189453125000 0.0000000000000000 0.0000000000000000 0.0766601562500000
0.0811767578125000 0.0000000000000000 0.0000000000000000 0.0274658203125000
0.0528564453125000 0.0000000000000000 0.0000000000000000 0.0359497070312500
0.0520019531250000 0.0000000000000000 0.0000000000000000 0.0070190429687500
0.0091552734375000 0.0000000000000000 0.0000000000000000 0.0000000000000000
0.0000000000000000 0.0000000000000000 0.0000000000000000 0.0000000000000000
0.0000000000000000 0.0130004882812500 0.0055541992187500 0.0000000000000000
0.0000000000000000 0.0483398437500000 0.0000000000000000 0.0000000000000000
0.0807495117187500 0.0000000000000000 0.0000000000000000 0.0000000000000000
0.0514526367187500 0.0000000000000000 0.0000000000000000 0.0648803710937500
0.0697021484375000 0.0000000000000000 0.0000000000000000 0.0875244140625000
0.1406250000000000 0.0000000000000000 0.0000000000000000 0.0000000000000000
0.1278076171875000 0.0394287109375000 0.0000000000000000 0.0000000000000000
0.1879882812500000 0.1730957031250000 0.0000000000000000 0.0000000000000000
0.0538940429687500 0.0460205078125000 0.0017700195312500 0.0000000000000000
0.0808715820312500 0.0000000000000000 0.0000000000000000 0.0000000000000000
0.0858764648437500 0.0000000000000000 0.0000000000000000 0.0000000000000000
0.1379394531250000 0.0000000000000000 0.0000000000000000 0.0000000000000000
0.0626831054687500 0.0000000000000000 0.0000000000000000 0.0000000000000000
0.0644531250000000 0.0000000000000000 0.0000000000000000 0.0000000000000000
0.1395874023437500 0.0000000000000000 0.0000000000000000 0.0000000000000000
0.2374267578125000 0.0000000000000000 0.0000000000000000 0.0000000000000000
0.5014648437500000 0.0000000000000000 0.0000000000000000 0.0654296875000000
0.5354614257812500 0.0000000000000000 0.0000000000000000 0.1123046875000000
0.4001464843750000 0.0000000000000000 0.0000000000000000 0.1076660156250000
0.2572021484375000 0.0000000000000000 0.0000000000000000 0.0881347656250000
0.1351318359375000 0.0000000000000000 0.0000000000000000 0.0899658203125000
0.0617065429687500 0.0000000000000000 0.0000000000000000 0.0709228515625000
0.0791015625000000 0.0000000000000000 0.0000000000000000 0.0344848632812500
0.1475219726562500 0.0000000000000000 0.0000000000000000 0.0348510742187500
0.1961059570312500 0.0000000000000000 0.0000000000000000 0.0708618164062500
0.3085327148437500 0.0000000000000000 0.0000000000000000 0.0425415039062500
0.2617187500000000 0.0000000000000000 0.0000000000000000 0.0189819335937500
0.4548339843750000 0.0000000000000000 0.0000000000000000 0.0222778320312500
0.5974121093750000 0.0000000000000000 0.0000000000000000 0.0192260742187500
0.5602416992187500 0.0000000000000000 0.0000000000000000 0.0004272460937500
0.3684692382812500 0.0000000000000000 0.0000000000000000 0.0000000000000000
0.1545410156250000 0.0000000000000000 0.0000000000000000 0.0000000000000000
0.0348510742187500 0.0000000000000000 0.0382690429687500 0.0000000000000000
0.0000000000000000 0.0000000000000000 0.0000000000000000 0.0093383789062500
0.0302124023437500 0.0000000000000000 0.0000000000000000 0.0505981445312500
0.0733642578125000 0.0000000000000000 0.0000000000000000 0.0000000000000000
0.0391235351562500 0.0000000000000000 0.0000000000000000 0.0000000000000000
0.0441894531250000 0.3059082031250000 0.0000000000000000 0.0000000000000000
0.0078735351562500 0.1050415039062500 0.1061401367187500 0.0000000000000000
0.0294189453125000 0.0000000000000000 0.0000000000000000 0.0000000000000000
0.0000000000000000 0.0000000000000000 0.0886840820312500 0.0000000000000000
0.0000000000000000 0.0000000000000000 0.2275390625000000 0.0000000000000000
0.0000000000000000 0.0000000000000000 0.3055419921875000 0.0000000000000000
0.0000000000000000 0.0000000000000000 0.4308471679687500 0.0000000000000000
0.0000000000000000 0.1268920898437500 0.3292846679687500 0.0000000000000000
0.0000000000000000 0.1423339843750000 0.2149047851562500 0.0000000000000000
0.0000000000000000 0.0000000000000000 0.0943603515625000 0.0000000000000000
0.0236206054687500 0.0000000000000000 0.0000000000000000 0.0000000000000000
0.2117309570312500 0.0000000000000000 0.0000000000000000 0.0415649414062500
0.2573242187500000 0.0000000000000000 0.0000000000000000 0.0838623046875000
0.1547851562500000 0.0000000000000000 0.0000000000000000 0.1051025390625000
0.1419067382812500 0.0000000000000000 0.0000000000000000 0.0603637695312500
0.1542358398437500 0.0000000000000000 0.0000000000000000 0.0175170898437500
0.2268676757812500 0.0000000000000000 0.0000000000000000 0.0000000000000000
0.2858886718750000 0.0000000000000000 0.0000000000000000 0.0000000000000000
0.5761718750000000 0.0000000000000000 0.0000000000000000 0.0144653320312500
0.7557983398437500 0.0000000000000000 0.0000000000000000 0.0000000000000000
0.6826171875000000 0.0000000000000000 0.0000000000000000 0.0000000000000000
0.4584350585937500 0.0000000000000000 0.0000000000000000 0.0000000000000000
0.2960205078125000 0.0000000000000000 0.0000000000000000 0.0000000000000000
0.3016967773437500 0.0000000000000000 0.0000000000000000 0.0000000000000000
0.3675537109375000 0.0000000000000000 0.0000000000000000 0.0000000000000000
0.2127685546875000 0.0000000000000000 0.0000000000000000 0.0000000000000000
0.0000000000000000 0.0000000000000000 0.0101318359375000 0.0000000000000000
0.0000000000000000 0.0000000000000000 0.0000000000000000 0.0206909179687500
0.0427246093750000 0.0000000000000000 0.0000000000000000 0.0150756835937500
0.0000000000000000 0.0000000000000000 0.0000000000000000 0.0000000000000000
0.1441650390625000 0.2629394531250000 0.0000000000000000 0.0000000000000000
0.1486206054687500 0.0000000000000000 0.0699462890625000 0.0000000000000000
0.0000000000000000 0.0000000000000000 0.0253295898437500 0.0000000000000000
0.0000000000000000 0.0000000000000000 0.0717773437500000 0.0000000000000000
0.0000000000000000 0.0000000000000000 0.0000000000000000 0.0000000000000000
0.2348022460937500 0.0000000000000000 0.0000000000000000 0.0000000000000000
0.4531250000000000 0.0000000000000000 0.0000000000000000 0.0263671875000000
0.4071655273437500 0.0000000000000000 0.0000000000000000 0.0000000000000000
0.4263305664062500 0.0000000000000000 0.0000000000000000 0.0000000000000000
0.0149536132812500 0.0000000000000000 0.1799926757812500 0.0000000000000000
0.0000000000000000 0.0000000000000000 0.0458374023437500 0.0000000000000000
0.0000000000000000 0.0000000000000000 0.0000000000000000 0.0000000000000000
0.0680541992187500 0.0000000000000000 0.0000000000000000 0.0545654296875000
0.0725097656250000 0.0000000000000000 0.0000000000000000 0.1029052734375000
0.0000000000000000 0.0000000000000000 0.0000000000000000 0.0113525390625000
0.0467529296875000 0.0000000000000000 0.0000000000000000 0.0000000000000000
0.2191772460937500 0.0890502929687500 0.0000000000000000 0.0000000000000000
0.3634033203125000 0.0000000000000000 0.0000000000000000 0.0000000000000000
0.1898193359375000 0.0000000000000000 0.0000000000000000 0.0000000000000000
0.0577392578125000 0.0656127929687500 0.0255126953125000 0.0000000000000000
0.0000000000000000 0.0673828125000000 0.2480468750000000 0.0000000000000000
0.0000000000000000 0.0400390625000000 0.3135986328125000 0.0000000000000000
0.0000000000000000 0.0760498046875000 0.1944580078125000 0.0000000000000000
0.0000000000000000 0.0000000000000000 0.0521850585937500 0.0000000000000000
0.0000000000000000 0.0000000000000000 0.0000000000000000 0.0000000000000000
0.0939331054687500 0.0000000000000000 0.0000000000000000 0.0000000000000000
0.0187377929687500 0.0000000000000000 0.0000000000000000 0.0000000000000000
0.0000000000000000 0.0000000000000000 0.0000000000000000 0.0032348632812500
0.0000000000000000 0.0000000000000000 0.0000000000000000 0.0115356445312500
0.0000000000000000 0.0000000000000000 0.0000000000000000 0.0000000000000000
0.1586914062500000 0.2719116210937500 0.0000000000000000 0.0000000000000000
0.2410278320312500 0.0000000000000000 0.0602416992187500 0.0000000000000000
0.0000000000000000 0.0000000000000000 0.0091552734375000 0.0000000000000000
0.0000000000000000 0.0000000000000000 0.0000000000000000 0.0000000000000000
0.2166137695312500 0.0168457031250000 0.0000000000000000 0.0000000000000000
0.4212036132812500 0.0000000000000000 0.0000000000000000 0.0000000000000000
0.6253662109375000 0.0000000000000000 0.0000000000000000 0.0000000000000000
0.6536254882812500 0.0000000000000000 0.0000000000000000 0.0000000000000000
0.4897460937500000 0.0000000000000000 0.0000000000000000 0.0000000000000000
0.1845703125000000 0.0000000000000000 0.0000000000000000 0.0000000000000000
0.0000000000000000 0.0106201171875000 0.0000000000000000 0.0000000000000000
0.0000000000000000 0.0000000000000000 0.0104370117187500 0.0000000000000000
0.0000000000000000 0.0000000000000000 0.0615234375000000 0.0000000000000000
0.0000000000000000 0.0000000000000000 0.0000000000000000 0.1152954101562500
0.0505981445312500 0.0000000000000000 0.0000000000000000 0.0640869140625000
0.0371704101562500 0.0013427734375000 0.0000000000000000 0.0000000000000000
0.2255859375000000 0.0677490234375000 0.0000000000000000 0.0000000000000000
0.1397094726562500 0.0000000000000000 0.0000000000000000 0.0000000000000000
0.0116577148437500 0.0836791992187500 0.0000000000000000 0.0000000000000000
0.1270751953125000 0.0000000000000000 0.0000000000000000 0.0000000000000000
0.2223510742187500 0.0000000000000000 0.0000000000000000 0.0119018554687500
0.2591552734375000 0.0000000000000000 0.0000000000000000 0.0039672851562500
0.2367553710937500 0.0000000000000000 0.0000000000000000 0.0000000000000000
0.1313476562500000 0.0000000000000000 0.0000000000000000 0.0000000000000000
0.0000000000000000 0.0000000000000000 0.0908203125000000 0.0000000000000000
0.0000000000000000 0.0000000000000000 0.0010986328125000 0.0000000000000000
0.0000000000000000 0.0000000000000000 0.0493774414062500 0.0000000000000000
0.0000000000000000 0.0000000000000000 0.0788574218750000 0.0068969726562500
0.0000000000000000 0.0000000000000000 0.0016479492187500 0.0087280273437500
0.1749877929687500 0.0000000000000000 0.0000000000000000 0.0000000000000000
0.2022705078125000 0.1420898437500000 0.0000000000000000 0.0000000000000000
0.0960693359375000 0.0000000000000000 0.1124877929687500 0.0000000000000000
0.0000000000000000 0.0000000000000000 0.1227416992187500 0.0000000000000000
0.0000000000000000 0.0563964843750000 0.0742187500000000 0.0000000000000000
0.0000000000000000 0.3845214843750000 0.0422973632812500 0.0000000000000000
0.0000000000000000 0.1151733398437500 0.2639160156250000 0.0000000000000000
0.0000000000000000 0.1945800781250000 0.1922607421875000 0.0000000000000000
0.0000000000000000 0.0087890625000000 0.4274291992187500 0.0000000000000000
0.0000000000000000 0.0000000000000000 0.4191894531250000 0.0000000000000000
0.0000000000000000 0.0000000000000000 0.2359008789062500 0.0107421875000000
0.0000000000000000 0.0314331054687500 0.0225830078125000 0.0000000000000000
0.0000000000000000 0.1082763671875000 0.0310058593750000 0.0000000000000000
0.0000000000000000 0.0000000000000000 0.0692138671875000 0.0000000000000000
0.0000000000000000 0.0000000000000000 0.0430297851562500 0.1056518554687500
0.0663452148437500 0.0000000000000000 0.0000000000000000 0.0853271484375000
0.1863403320312500 0.0949096679687500 0.0000000000000000 0.0000000000000000
0.0447387695312500 0.0000000000000000 0.1195068359375000 0.0000000000000000
0.0000000000000000 0.0679321289062500 0.0000000000000000 0.0000000000000000
0.0040893554687500 0.1920166015625000 0.0000000000000000 0.0000000000000000
0.3381958007812500 0.0000000000000000 0.0000000000000000 0.0000000000000000
0.4279785156250000 0.0000000000000000 0.0000000000000000 0.0000000000000000
0.6782836914062500 0.0000000000000000 0.0000000000000000 0.0000000000000000
0.6174316406250000 0.0000000000000000 0.0000000000000000 0.0000000000000000
0.4094848632812500 0.0000000000000000 0.0000000000000000 0.0000000000000000
0.2048339843750000 0.0000000000000000 0.0000000000000000 0.0000000000000000
0.0569458007812500 0.0000000000000000 0.0000000000000000 0.0000000000000000
0.0000000000000000 0.0000000000000000 0.1727905273437500 0.0000000000000000
0.0000000000000000 0.0000000000000000 0.0380249023437500 0.0654907226562500
0.0000000000000000 0.0000000000000000 0.0000000000000000 0.0000000000000000
0.1748657226562500 0.0000000000000000 0.0000000000000000 0.0000000000000000
0.1681518554687500 0.0629272460937500 0.0000000000000000 0.0000000000000000
0.0000000000000000 0.0000000000000000 0.1515502929687500 0.0000000000000000
0.0000000000000000 0.0000000000000000 0.1502075195312500 0.0000000000000000
0.0000000000000000 0.0000000000000000 0.1461791992187500 0.0000000000000000
0.0000000000000000 0.2188110351562500 0.2562866210937500 0.0000000000000000
0.0000000000000000 0.0784301757812500 0.5083618164062500 0.0000000000000000
0.0000000000000000 0.0477294921875000 0.5212402343750000 0.0000000000000000
0.0000000000000000 0.0000000000000000 0.5603637695312500 0.0000000000000000
0.0000000000000000 0.0000000000000000 0.4309692382812500 0.0128784179687500
0.0000000000000000 0.0000000000000000 0.1096191406250000 0.0068359375000000
0.0000000000000000 0.0128784179687500 0.0000000000000000 0.0000000000000000
0.0031738281250000 0.0222167968750000 0.0000000000000000 0.0000000000000000
0.0000000000000000 0.0000000000000000 0.0711669921875000 0.0000000000000000
0.0000000000000000 0.0000000000000000 0.1091918945312500 0.0549926757812500
0.0000000000000000 0.0000000000000000 0.0000000000000000 0.0518798828125000
0.1691284179687500 0.0033569335937500 0.0000000000000000 0.0000000000000000
0.0000000000000000 0.0000000000000000 0.1834716796875000 0.0000000000000000
0.0000000000000000 0.1324462890625000 0.0000000000000000 0.0000000000000000
0.0000000000000000 0.3425903320312500 0.2630004882812500 0.0000000000000000
0.0000000000000000 0.4212036132812500 0.4017333984375000 0.0000000000000000
0.0000000000000000 0.2191772460937500 0.4224243164062500 0.0000000000000000
0.0000000000000000 0.2820434570312500 0.2634887695312500 0.0000000000000000
0.0000000000000000 0.0000000000000000 0.2758789062500000 0.0000000000000000
0.0000000000000000 0.0000000000000000 0.0169067382812500 0.0000000000000000
0.0000000000000000 0.0000000000000000 0.0040283203125000 0.0000000000000000
0.0000000000000000 0.0000000000000000 0.0000000000000000 0.0000000000000000
0.0000000000000000 0.0000000000000000 0.2427978515625000 0.0000000000000000
0.0000000000000000 0.0000000000000000 0.0000000000000000 0.1130981445312500
0.0000000000000000 0.0000000000000000 0.0232543945312500 0.0000000000000000
0.0000000000000000 0.0667724609375000 0.0000000000000000 0.0000000000000000
0.1342773437500000 0.0000000000000000 0.0684814453125000 0.0000000000000000
0.0000000000000000 0.0000000000000000 0.0772705078125000 0.0000000000000000
0.0000000000000000 0.0000000000000000 0.0184936523437500 0.0123291015625000
0.0000000000000000 0.0000000000000000 0.0258789062500000 0.0000000000000000
0.0000000000000000 0.0000000000000000 0.1176147460937500 0.0000000000000000
0.0000000000000000 0.0000000000000000 0.2540893554687500 0.0000000000000000
0.0000000000000000 0.0000000000000000 0.2211914062500000 0.0000000000000000
0.0000000000000000 0.0000000000000000 0.1651611328125000 0.0127563476562500
0.0000000000000000 0.0000000000000000 0.0228881835937500 0.0335083007812500
0.0000000000000000 0.0000000000000000 0.0000000000000000 0.0000000000000000
0.0971679687500000 0.0000000000000000 0.0000000000000000 0.0000000000000000
0.1375122070312500 0.0070190429687500 0.0000000000000000 0.0000000000000000
0.0330810546875000 0.0000000000000000 0.0692138671875000 0.0000000000000000
0.0000000000000000 0.0000000000000000 0.0351562500000000 0.0404052734375000
0.0000000000000000 0.0000000000000000 0.0000000000000000 0.0000000000000000
0.1076049804687500 0.0000000000000000 0.0000000000000000 0.0000000000000000
0.0000000000000000 0.0000000000000000 0.0676879882812500 0.0361328125000000
0.0000000000000000 0.0000000000000000 0.0000000000000000 0.0000000000000000
0.0000000000000000 0.0106811523437500 0.2928466796875000 0.0000000000000000
0.0000000000000000 0.1226196289062500 0.3971557617187500 0.0000000000000000
0.0000000000000000 0.1988525390625000 0.4729003906250000 0.0000000000000000
0.0000000000000000 0.1362304687500000 0.5155639648437500 0.0000000000000000
0.0000000000000000 0.0000000000000000 0.4603881835937500 0.0000000000000000
0.0000000000000000 0.0000000000000000 0.2882690429687500 0.0000000000000000
0.0000000000000000 0.0000000000000000 0.1364135742187500 0.0000000000000000
0.0000000000000000 0.0674438476562500 0.0225219726562500 0.0000000000000000
0.0000000000000000 0.0000000000000000 0.2771606445312500 0.0073852539062500
0.0000000000000000 0.0000000000000000 0.0000000000000000 0.1098632812500000
0.0946044921875000 0.0000000000000000 0.0000000000000000 0.0000000000000000
0.0422973632812500 0.0000000000000000 0.0000000000000000 0.0000000000000000
0.2235717773437500 0.0000000000000000 0.0095214843750000 0.0000000000000000
0.0000000000000000 0.0000000000000000 0.0000000000000000 0.0000000000000000
0.0000000000000000 0.0000000000000000 0.0000000000000000 0.0114746093750000
0.0000000000000000 0.0000000000000000 0.0000000000000000 0.0189208984375000
0.0000000000000000 0.0000000000000000 0.0223999023437500 0.0277709960937500
0.0000000000000000 0.0000000000000000 0.0178833007812500 0.0273437500000000
0.0000000000000000 0.0000000000000000 0.0311889648437500 0.0239868164062500
0.0000000000000000 0.0000000000000000 0.0288696289062500 0.0377807617187500
0.0000000000000000 0.0000000000000000 0.0000000000000000 0.0230102539062500
0.0712280273437500 0.0000000000000000 0.0000000000000000 0.0000000000000000
0.1806030273437500 0.0000000000000000 0.0000000000000000 0.0000000000000000
0.1489868164062500 0.0000000000000000 0.0000000000000000 0.0000000000000000
0.0424804687500000 0.0000000000000000 0.0812377929687500 0.0000000000000000
0.0000000000000000 0.0000000000000000 0.0421752929687500 0.0527954101562500
0.0000000000000000 0.0000000000000000 0.0000000000000000 0.0000000000000000
0.0376586914062500 0.0000000000000000 0.0000000000000000 0.0000000000000000
0.0326538085937500 0.0000000000000000 0.0000000000000000 0.0208129882812500
0.0098876953125000 0.0000000000000000 0.0000000000000000 0.0772094726562500
0.0356445312500000 0.0000000000000000 0.0000000000000000 0.0508422851562500
0.0000000000000000 0.0000000000000000 0.0518798828125000 0.0079956054687500
0.0000000000000000 0.0000000000000000 0.0802612304687500 0.0000000000000000
0.0000000000000000 0.0000000000000000 0.1537475585937500 0.0000000000000000
0.0000000000000000 0.0000000000000000 0.1559448242187500 0.0000000000000000
0.0000000000000000 0.0000000000000000 0.1446533203125000 0.0000000000000000
0.0000000000000000 0.0000000000000000 0.0555419921875000 0.0000000000000000
0.0000000000000000 0.0689086914062500 0.0000000000000000 0.0000000000000000
0.0000000000000000 0.0000000000000000 0.1985473632812500 0.0000000000000000
0.0000000000000000 0.0000000000000000 0.0000000000000000 0.0814819335937500
0.1557006835937500 0.0000000000000000 0.0000000000000000 0.0000000000000000
0.0399169921875000 0.0917968750000000 0.0000000000000000 0.0000000000000000
0.1542358398437500 0.0000000000000000 0.0004882812500000 0.0000000000000000
0.0000000000000000 0.0000000000000000 0.0026855468750000 0.0000000000000000
0.0000000000000000 0.0000000000000000 0.0000000000000000 0.0115356445312500
0.0000000000000000 0.0000000000000000 0.0000000000000000 0.0361328125000000
0.0155639648437500 0.0000000000000000 0.0000000000000000 0.0501098632812500
0.0239868164062500 0.0000000000000000 0.0000000000000000 0.0518798828125000
0.0239868164062500 0.0000000000000000 0.0000000000000000 0.0455932617187500
0.0234375000000000 0.0000000000000000 0.0000000000000000 0.0503540039062500
0.1073608398437500 0.0000000000000000 0.0000000000000000 0.0000000000000000
0.2105712890625000 0.0000000000000000 0.0000000000000000 0.0000000000000000
0.1563110351562500 0.0000000000000000 0.0000000000000000 0.0000000000000000
0.0642700195312500 0.0000000000000000 0.0000000000000000 0.0000000000000000
0.0000000000000000 0.0000000000000000 0.1459960937500000 0.0000000000000000
0.0000000000000000 0.0000000000000000 0.0819702148437500 0.0570678710937500
0.0000000000000000 0.0000000000000000 0.0000000000000000 0.0000000000000000
0.0255737304687500 0.0000000000000000 0.0108032226562500 0.0000000000000000
0.0054931640625000 0.0000000000000000 0.0000000000000000 0.0000000000000000
0.0000000000000000 0.0000000000000000 0.0000000000000000 0.0592651367187500
0.0000000000000000 0.0000000000000000 0.0000000000000000 0.1005249023437500
0.0002441406250000 0.0000000000000000 0.0000000000000000 0.0508422851562500
0.0000000000000000 0.0000000000000000 0.0000000000000000 0.0210571289062500
0.0000000000000000 0.0000000000000000 0.0000000000000000 0.0000000000000000
0.0000000000000000 0.0000000000000000 0.0000000000000000 0.0000000000000000
0.0000000000000000 0.0000000000000000 0.0088500976562500 0.0000000000000000
0.0000000000000000 0.0000000000000000 0.0000000000000000 0.0000000000000000
0.0898437500000000 0.0893554687500000 0.0000000000000000 0.0000000000000000
0.0903320312500000 0.0000000000000000 0.0660400390625000 0.0000000000000000
0.0065917968750000 0.0000000000000000 0.0000000000000000 0.0505371093750000
0.1034545898437500 0.0000000000000000 0.0303955078125000 0.0000000000000000
0.0563354492187500 0.1022949218750000 0.0000000000000000 0.0000000000000000
0.0897827148437500 0.0000000000000000 0.0000000000000000 0.0000000000000000
0.0373535156250000 0.0000000000000000 0.0000000000000000 0.0000000000000000
0.0531616210937500 0.0000000000000000 0.0000000000000000 0.0261840820312500
0.0095214843750000 0.0000000000000000 0.0000000000000000 0.0123901367187500
0.0158691406250000 0.0000000000000000 0.0000000000000000 0.0394287109375000
0.0000000000000000 0.0000000000000000 0.0000000000000000 0.0399169921875000
0.0000000000000000 0.0000000000000000 0.0000000000000000 0.0496215820312500
0.0105590820312500 0.0000000000000000 0.0000000000000000 0.0155029296875000
0.0789794921875000 0.0000000000000000 0.0000000000000000 0.0000000000000000
0.1212768554687500 0.0218505859375000 0.0000000000000000 0.0000000000000000
0.1117553710937500 0.0000000000000000 0.0000000000000000 0.0000000000000000
0.0575561523437500 0.0000000000000000 0.0000000000000000 0.0000000000000000
0.0000000000000000 0.0000000000000000 0.1210937500000000 0.0081787109375000
0.0000000000000000 0.0000000000000000 0.0000000000000000 0.0673828125000000
0.0000000000000000 0.0189819335937500 0.0000000000000000 0.0000000000000000
0.1068115234375000 0.0000000000000000 0.0001831054687500 0.0000000000000000
0.0000000000000000 0.0000000000000000 0.0372314453125000 0.0000000000000000
0.0000000000000000 0.0000000000000000 0.0139770507812500 0.0516967773437500
0.0000000000000000 0.0000000000000000 0.0000000000000000 0.0888671875000000
0.0416259765625000 0.0000000000000000 0.0000000000000000 0.0745239257812500
0.0446777343750000 0.0000000000000000 0.0000000000000000 0.0393676757812500
0.0408935546875000 0.0000000000000000 0.0000000000000000 0.0099487304687500
0.0291748046875000 0.0000000000000000 0.0000000000000000 0.0000000000000000
0.0315551757812500 0.0000000000000000 0.0000000000000000 0.0000000000000000
0.1015625000000000 0.0000000000000000 0.0000000000000000 0.0000000000000000
0.1746826171875000 0.0368652343750000 0.0000000000000000 0.0000000000000000
0.0785522460937500 0.0000000000000000 0.1152343750000000 0.0000000000000000
0.0000000000000000 0.0000000000000000 0.0000000000000000 0.0191650390625000
0.0000000000000000 0.0000000000000000 0.0729370117187500 0.0156860351562500
0.3236083984375000 0.0740966796875000 0.0000000000000000 0.0000000000000000
0.1671752929687500 0.0000000000000000 0.0000000000000000 0.0000000000000000
0.0264282226562500 0.0000000000000000 0.0000000000000000 0.0000000000000000
0.0652465820312500 0.0000000000000000 0.0000000000000000 0.0043945312500000
0.1119384765625000 0.0000000000000000 0.0000000000000000 0.0242309570312500
0.0418090820312500 0.0000000000000000 0.0000000000000000 0.0363769531250000
0.0079345703125000 0.0000000000000000 0.0000000000000000 0.0501098632812500
0.0043334960937500 0.0000000000000000 0.0000000000000000 0.0541992187500000
0.0483398437500000 0.0000000000000000 0.0000000000000000 0.0000000000000000
0.0530395507812500 0.0000000000000000 0.0000000000000000 0.0000000000000000
0.0262451171875000 0.0466308593750000 0.0000000000000000 0.0000000000000000
0.0429077148437500 0.0000000000000000 0.0000000000000000 0.0000000000000000
0.0689697265625000 0.0000000000000000 0.0000000000000000 0.0000000000000000
0.0000000000000000 0.0000000000000000 0.0802001953125000 0.0656127929687500
0.0000000000000000 0.0000000000000000 0.0000000000000000 0.0888671875000000
0.0000000000000000 0.0184936523437500 0.0000000000000000 0.0000000000000000
0.0000000000000000 0.0000000000000000 0.0232543945312500 0.0000000000000000
0.0000000000000000 0.0000000000000000 0.0082397460937500 0.0000000000000000
0.0000000000000000 0.0000000000000000 0.0009765625000000 0.0281372070312500
0.0000000000000000 0.0000000000000000 0.0000000000000000 0.0625000000000000
0.0000000000000000 0.0000000000000000 0.0000000000000000 0.0582885742187500
0.0000000000000000 0.0000000000000000 0.0000000000000000 0.0324096679687500
0.0144042968750000 0.0000000000000000 0.0000000000000000 0.0056152343750000
0.0742187500000000 0.0000000000000000 0.0000000000000000 0.0000000000000000
0.1430664062500000 0.0000000000000000 0.0000000000000000 0.0000000000000000
0.1643676757812500 0.0000000000000000 0.0000000000000000 0.0000000000000000
0.1924438476562500 0.0267944335937500 0.0000000000000000 0.0000000000000000
0.0161132812500000 0.0000000000000000 0.2089233398437500 0.0000000000000000
0.0000000000000000 0.0000000000000000 0.0403442382812500 0.0911865234375000
0.0000000000000000 0.0000000000000000 0.0131835937500000 0.0307617187500000
0.1669311523437500 0.1232299804687500 0.0000000000000000 0.0000000000000000
0.0077514648437500 0.0000000000000000 0.0097656250000000 0.0000000000000000
0.0619506835937500 0.0000000000000000 0.0000000000000000 0.0000000000000000
0.0925292968750000 0.0000000000000000 0.0000000000000000 0.0000000000000000
0.1675415039062500 0.0000000000000000 0.0000000000000000 0.0131835937500000
0.1373291015625000 0.0000000000000000 0.0000000000000000 0.0383300781250000
0.0991210937500000 0.0000000000000000 0.0000000000000000 0.0722656250000000
0.0231933593750000 0.0000000000000000 0.0000000000000000 0.0315551757812500
0.0462646484375000 0.0000000000000000 0.0000000000000000 0.0000000000000000
0.0285034179687500 0.0000000000000000 0.0000000000000000 0.0000000000000000
0.1743164062500000 0.0488281250000000 0.0000000000000000 0.0000000000000000
0.3063354492187500 0.0000000000000000 0.0000000000000000 0.0000000000000000
0.2421264648437500 0.0000000000000000 0.0000000000000000 0.0000000000000000
0.2320556640625000 0.0000000000000000 0.0000000000000000 0.0943603515625000
0.2234497070312500 0.0000000000000000 0.0000000000000000 0.1416625976562500
0.3931884765625000 0.0000000000000000 0.0000000000000000 0.0000000000000000
0.3539428710937500 0.0000000000000000 0.0000000000000000 0.0000000000000000
0.2479858398437500 0.0000000000000000 0.0000000000000000 0.0000000000000000
0.0557250976562500 0.0000000000000000 0.0033569335937500 0.0494384765625000
0.0000000000000000 0.0000000000000000 0.0000000000000000 0.0812377929687500
0.0000000000000000 0.0000000000000000 0.0000000000000000 0.0487060546875000
0.0534667968750000 0.0000000000000000 0.0000000000000000 0.0423583984375000
0.0802612304687500 0.0000000000000000 0.0000000000000000 0.0000000000000000
0.1036987304687500 0.0000000000000000 0.0000000000000000 0.0000000000000000
0.1834106445312500 0.0000000000000000 0.0000000000000000 0.0000000000000000
0.2210693359375000 0.0000000000000000 0.0000000000000000 0.0000000000000000
0.1458740234375000 0.0000000000000000 0.0000000000000000 0.0000000000000000
0.0200195312500000 0.0000000000000000 0.1373291015625000 0.0036621093750000
0.0000000000000000 0.0000000000000000 0.0000000000000000 0.1419067382812500
0.0938720703125000 0.0000000000000000 0.0000000000000000 0.0070800781250000
0.0000000000000000 0.2518310546875000 0.0626220703125000 0.0000000000000000
0.0000000000000000 0.0000000000000000 0.0137939453125000 0.0000000000000000
0.0899047851562500 0.0000000000000000 0.0000000000000000 0.0000000000000000
0.0769042968750000 0.0000000000000000 0.0000000000000000 0.0000000000000000
0.0983276367187500 0.0000000000000000 0.0000000000000000 0.0000000000000000
0.0736694335937500 0.0000000000000000 0.0000000000000000 0.0155029296875000
0.0833129882812500 0.0000000000000000 0.0000000000000000 0.0691528320312500
0.0761108398437500 0.0000000000000000 0.0000000000000000 0.0335083007812500
0.0380249023437500 0.0000000000000000 0.0000000000000000 0.0308227539062500
0.0072631835937500 0.0407714843750000 0.0000000000000000 0.0000000000000000
0.1717529296875000 0.1204223632812500 0.0000000000000000 0.0000000000000000
0.3361816406250000 0.1003417968750000 0.0000000000000000 0.0000000000000000
0.3656616210937500 0.0000000000000000 0.0000000000000000 0.0000000000000000
0.3157958984375000 0.0000000000000000 0.0000000000000000 0.0038452148437500
0.4353637695312500 0.0000000000000000 0.0000000000000000 0.0798339843750000
0.6823730468750000 0.0000000000000000 0.0000000000000000 0.0000000000000000
0.6677246093750000 0.0000000000000000 0.0000000000000000 0.0000000000000000
0.5107421875000000 0.0000000000000000 0.0000000000000000 0.0000000000000000
0.2533569335937500 0.0000000000000000 0.0000000000000000 0.1079711914062500
0.0314331054687500 0.0000000000000000 0.0000000000000000 0.1072387695312500
0.0142822265625000 0.0000000000000000 0.0000000000000000 0.0109252929687500
0.0726928710937500 0.0000000000000000 0.0000000000000000 0.0206298828125000
0.1784057617187500 0.0000000000000000 0.0000000000000000 0.0000000000000000
0.2203979492187500 0.0000000000000000 0.0000000000000000 0.0000000000000000
0.2077636718750000 0.0000000000000000 0.0000000000000000 0.0000000000000000
0.2416381835937500 0.0000000000000000 0.0000000000000000 0.0000000000000000
0.1696166992187500 0.0000000000000000 0.0026245117187500 0.0000000000000000
0.0000000000000000 0.0000000000000000 0.0821533203125000 0.0459594726562500
0.0000000000000000 0.0000000000000000 0.0000000000000000 0.0742187500000000
0.0884399414062500 0.0000000000000000 0.0000000000000000 0.0000000000000000
0.0181884765625000 0.2855224609375000 0.0000000000000000 0.0000000000000000
0.1201782226562500 0.0278930664062500 0.0076904296875000 0.0000000000000000
0.0000000000000000 0.0000000000000000 0.0034790039062500 0.0000000000000000
0.0128784179687500 0.0000000000000000 0.0000000000000000 0.0000000000000000
0.0233154296875000 0.0000000000000000 0.0000000000000000 0.0000000000000000
0.0812988281250000 0.0000000000000000 0.0000000000000000 0.0000000000000000
0.0923461914062500 0.0000000000000000 0.0000000000000000 0.0338745117187500
0.0802001953125000 0.0000000000000000 0.0000000000000000 0.0483398437500000
0.0241088867187500 0.0000000000000000 0.0000000000000000 0.0687255859375000
0.0297851562500000 0.0601806640625000 0.0000000000000000 0.0000000000000000
0.0882568359375000 0.1879882812500000 0.0260009765625000 0.0000000000000000
0.0000000000000000 0.2449340820312500 0.1556396484375000 0.0000000000000000
0.0000000000000000 0.2332763671875000 0.2098388671875000 0.0000000000000000
0.0000000000000000 0.0000000000000000 0.1727294921875000 0.0000000000000000
0.0000000000000000 0.0000000000000000 0.0730590820312500 0.0000000000000000
0.0000000000000000 0.1178588867187500 0.0338134765625000 0.0000000000000000
0.0000000000000000 0.1387329101562500 0.1887817382812500 0.0000000000000000
0.0000000000000000 0.0000000000000000 0.2860717773437500 0.0000000000000000
0.0000000000000000 0.0000000000000000 0.2295532226562500 0.0776367187500000
0.0000000000000000 0.0000000000000000 0.0000000000000000 0.0990600585937500
0.0537719726562500 0.0000000000000000 0.0000000000000000 0.0000000000000000
0.0750732421875000 0.0000000000000000 0.0000000000000000 0.0000000000000000
0.1325073242187500 0.0000000000000000 0.0000000000000000 0.0000000000000000
0.1857910156250000 0.0000000000000000 0.0000000000000000 0.0000000000000000
0.2680664062500000 0.0000000000000000 0.0000000000000000 0.0000000000000000
0.2615966796875000 0.0000000000000000 0.0000000000000000 0.0000000000000000
0.1269531250000000 0.0000000000000000 0.0828857421875000 0.0000000000000000
0.0000000000000000 0.0000000000000000 0.0000000000000000 0.0761108398437500
0.0000000000000000 0.0000000000000000 0.0000000000000000 0.0250244140625000
0.0520019531250000 0.0000000000000000 0.0000000000000000 0.0000000000000000
0.0000000000000000 0.2916870117187500 0.2457885742187500 0.0000000000000000
0.0000000000000000 0.3412475585937500 0.1409912109375000 0.0000000000000000
0.0000000000000000 0.1040039062500000 0.1680297851562500 0.0000000000000000
0.0120849609375000 0.0000000000000000 0.0000000000000000 0.0000000000000000
0.0383300781250000 0.0000000000000000 0.0000000000000000 0.0000000000000000
0.0476074218750000 0.0000000000000000 0.0000000000000000 0.0000000000000000
0.0000000000000000 0.0000000000000000 0.0000000000000000 0.0000000000000000
0.0000000000000000 0.0000000000000000 0.0255737304687500 0.0667724609375000
0.0000000000000000 0.0000000000000000 0.0000000000000000 0.0503540039062500
0.0198364257812500 0.0000000000000000 0.0000000000000000 0.0000000000000000
0.0000000000000000 0.0470581054687500 0.0878295898437500 0.0000000000000000
0.0000000000000000 0.0855712890625000 0.2411499023437500 0.0000000000000000
0.0000000000000000 0.0661010742187500 0.3993530273437500 0.0000000000000000
0.0000000000000000 0.0416870117187500 0.4193115234375000 0.0000000000000000
0.0000000000000000 0.0000000000000000 0.4761962890625000 0.0000000000000000
0.0000000000000000 0.0335083007812500 0.3816528320312500 0.0000000000000000
0.0000000000000000 0.0457763671875000 0.4384155273437500 0.0000000000000000
0.0000000000000000 0.0000000000000000 0.4504394531250000 0.0000000000000000
0.0000000000000000 0.0000000000000000 0.2515869140625000 0.0703125000000000
0.0000000000000000 0.0000000000000000 0.0000000000000000 0.0486450195312500
0.0826416015625000 0.0000000000000000 0.0000000000000000 0.0000000000000000
0.1098022460937500 0.0000000000000000 0.0000000000000000 0.0000000000000000
0.1738891601562500 0.0000000000000000 0.0000000000000000 0.0000000000000000
0.2435913085937500 0.0000000000000000 0.0000000000000000 0.0000000000000000
0.2610473632812500 0.0000000000000000 0.0000000000000000 0.0000000000000000
0.1643066406250000 0.0000000000000000 0.0000000000000000 0.0000000000000000
0.0000000000000000 0.0000000000000000 0.1340942382812500 0.0000000000000000
0.0000000000000000 0.0000000000000000 0.0000000000000000 0.0513305664062500
0.0000000000000000 0.0000000000000000 0.0000000000000000 0.0000000000000000
0.0000000000000000 0.0000000000000000 0.0000000000000000 0.0000000000000000
0.0000000000000000 0.0000000000000000 0.2392578125000000 0.0000000000000000
0.0000000000000000 0.3743896484375000 0.0000000000000000 0.0000000000000000
0.0000000000000000 0.1148071289062500 0.1674804687500000 0.0000000000000000
0.0096435546875000 0.0000000000000000 0.0000000000000000 0.0000000000000000
0.0115356445312500 0.0000000000000000 0.0103149414062500 0.0000000000000000
0.0000000000000000 0.0000000000000000 0.0353393554687500 0.0000000000000000
0.0000000000000000 0.0000000000000000 0.0000000000000000 0.0111083984375000
0.0000000000000000 0.0000000000000000 0.0000000000000000 0.0563964843750000
0.0398559570312500 0.0000000000000000 0.0000000000000000 0.0361328125000000
0.0891113281250000 0.0000000000000000 0.0000000000000000 0.0000000000000000
0.0260620117187500 0.0000000000000000 0.0000000000000000 0.0000000000000000
0.0193481445312500 0.0000000000000000 0.0000000000000000 0.0000000000000000
0.0000000000000000 0.0000000000000000 0.0868530273437500 0.0000000000000000
0.0000000000000000 0.0000000000000000 0.1281738281250000 0.0000000000000000
0.0000000000000000 0.0000000000000000 0.1592407226562500 0.0000000000000000
0.0000000000000000 0.0000000000000000 0.0685424804687500 0.0068969726562500
0.0000000000000000 0.0000000000000000 0.0000000000000000 0.0000000000000000
0.0000000000000000 0.0000000000000000 0.0072021484375000 0.0095825195312500
0.0000000000000000 0.0000000000000000 0.0000000000000000 0.0371704101562500
0.0196533203125000 0.0000000000000000 0.0000000000000000 0.0148925781250000
0.1141357421875000 0.0000000000000000 0.0000000000000000 0.0000000000000000
0.1039428710937500 0.0000000000000000 0.0000000000000000 0.0000000000000000
0.1714477539062500 0.0078735351562500 0.0000000000000000 0.0000000000000000
0.2483520507812500 0.0396118164062500 0.0000000000000000 0.0000000000000000
0.1665649414062500 0.0000000000000000 0.0000000000000000 0.0000000000000000
0.0000000000000000 0.0000000000000000 0.1580200195312500 0.0000000000000000
0.0000000000000000 0.0000000000000000 0.1652221679687500 0.0000000000000000
0.0000000000000000 0.0000000000000000 0.1077880859375000 0.0000000000000000
0.0000000000000000 0.0000000000000000 0.0133056640625000 0.0081176757812500
0.0000000000000000 0.0000000000000000 0.0000000000000000 0.0000000000000000
0.0087280273437500 0.0000000000000000 0.0000000000000000 0.0000000000000000
0.1105346679687500 0.4558105468750000 0.0000000000000000 0.0000000000000000
0.2147216796875000 0.1846923828125000 0.1105957031250000 0.0000000000000000
0.0000000000000000 0.0000000000000000 0.0000000000000000 0.0000000000000000
0.0000000000000000 0.0000000000000000 0.0369873046875000 0.0000000000000000
0.0000000000000000 0.0000000000000000 0.0000000000000000 0.0000000000000000
0.0173950195312500 0.0000000000000000 0.0000000000000000 0.0000000000000000
0.0645751953125000 0.0000000000000000 0.0000000000000000 0.0261230468750000
0.0809936523437500 0.0000000000000000 0.0000000000000000 0.0235595703125000
0.1805419921875000 0.0000000000000000 0.0000000000000000 0.0000000000000000
0.1931762695312500 0.0000000000000000 0.0000000000000000 0.0000000000000000
0.2210693359375000 0.0000000000000000 0.0000000000000000 0.0000000000000000
0.3076171875000000 0.0000000000000000 0.0000000000000000 0.0388793945312500
0.2634887695312500 0.0000000000000000 0.0000000000000000 0.0402832031250000
0.3643798828125000 0.0000000000000000 0.0000000000000000 0.0450439453125000
0.3684692382812500 0.0000000000000000 0.0000000000000000 0.0416870117187500
0.3162841796875000 0.0000000000000000 0.0000000000000000 0.0074462890625000
0.1802978515625000 0.0000000000000000 0.0000000000000000 0.0029907226562500
0.1187744140625000 0.0000000000000000 0.0000000000000000 0.0433959960937500
0.0900878906250000 0.0000000000000000 0.0000000000000000 0.0000000000000000
0.1221923828125000 0.0000000000000000 0.0000000000000000 0.0000000000000000
0.1783447265625000 0.0000000000000000 0.0000000000000000 0.0000000000000000
0.0795288085937500 0.0455932617187500 0.0000000000000000 0.0000000000000000
0.1015625000000000 0.0357666015625000 0.0000000000000000 0.0000000000000000
0.0000000000000000 0.0000000000000000 0.0175781250000000 0.0000000000000000
0.0000000000000000 0.0000000000000000 0.2287597656250000 0.0000000000000000
0.0000000000000000 0.0000000000000000 0.0567016601562500 0.0359497070312500
0.0000000000000000 0.0000000000000000 0.0694580078125000 0.0000000000000000
0.0000000000000000 0.0000000000000000 0.0000000000000000 0.0000000000000000
0.0000000000000000 0.0000000000000000 0.0000000000000000 0.0000000000000000
0.0000000000000000 0.0000000000000000 0.0000000000000000 0.0000000000000000
0.0950927734375000 0.4310913085937500 0.0000000000000000 0.0000000000000000
0.2335205078125000 0.1678466796875000 0.0650024414062500 0.0000000000000000
0.0096435546875000 0.0000000000000000 0.0059814453125000 0.0000000000000000
0.0018310546875000 0.0000000000000000 0.0000000000000000 0.0000000000000000
0.0000000000000000 0.0000000000000000 0.0000000000000000 0.0000000000000000
0.0576782226562500 0.0000000000000000 0.0000000000000000 0.0000000000000000
0.0850219726562500 0.0000000000000000 0.0000000000000000 0.0088500976562500
0.1669921875000000 0.0000000000000000 0.0000000000000000 0.0000000000000000
0.3791503906250000 0.0000000000000000 0.0000000000000000 0.0000000000000000
0.5189819335937500 0.0000000000000000 0.0000000000000000 0.0000000000000000
0.5083007812500000 0.0000000000000000 0.0000000000000000 0.0000000000000000
0.5021362304687500 0.0000000000000000 0.0000000000000000 0.0000000000000000
0.6463623046875000 0.0000000000000000 0.0000000000000000 0.0000000000000000
0.6608276367187500 0.0000000000000000 0.0000000000000000 0.0000000000000000
0.6316528320312500 0.0000000000000000 0.0000000000000000 0.0026855468750000
0.5806884765625000 0.0000000000000000 0.0000000000000000 0.0000000000000000
0.5341186523437500 0.0000000000000000 0.0000000000000000 0.0217285156250000
0.3650512695312500 0.0000000000000000 0.0000000000000000 0.0523681640625000
0.3302612304687500 0.0000000000000000 0.0000000000000000 0.0091552734375000
0.1105957031250000 0.0000000000000000 0.0000000000000000 0.0000000000000000
0.0583496093750000 0.0244140625000000 0.0000000000000000 0.0000000000000000
0.0513916015625000 0.0426025390625000 0.0000000000000000 0.0000000000000000
0.0000000000000000 0.0000000000000000 0.0449829101562500 0.0000000000000000
0.0000000000000000 0.0000000000000000 0.0057983398437500 0.0000000000000000
0.0000000000000000 0.0000000000000000 0.2042846679687500 0.0000000000000000
0.0000000000000000 0.0000000000000000 0.0000000000000000 0.0733032226562500
0.0000000000000000 0.0000000000000000 0.0000000000000000 0.0000000000000000
0.0083007812500000 0.0000000000000000 0.0000000000000000 0.0000000000000000
0.0097656250000000 0.0000000000000000 0.0000000000000000 0.0000000000000000
0.0042114257812500 0.0000000000000000 0.0000000000000000 0.0000000000000000
0.1149291992187500 0.4044189453125000 0.0000000000000000 0.0000000000000000
0.2292480468750000 0.1713256835937500 0.0620117187500000 0.0000000000000000
0.0221557617187500 0.0000000000000000 0.0000000000000000 0.0000000000000000
0.0214233398437500 0.0000000000000000 0.0000000000000000 0.0000000000000000
0.0208740234375000 0.0000000000000000 0.0000000000000000 0.0000000000000000
0.0220947265625000 0.0000000000000000 0.0000000000000000 0.0000000000000000
0.0253295898437500 0.0000000000000000 0.0000000000000000 0.0000000000000000
0.0902709960937500 0.0172729492187500 0.0000000000000000 0.0000000000000000
0.1177368164062500 0.0000000000000000 0.0000000000000000 0.0000000000000000
0.0313720703125000 0.0288696289062500 0.0000000000000000 0.0000000000000000
0.1463623046875000 0.0000000000000000 0.0000000000000000 0.0000000000000000
0.0284423828125000 0.0000000000000000 0.0000000000000000 0.0000000000000000
0.0000000000000000 0.0567626953125000 0.0000000000000000 0.0000000000000000
0.0000000000000000 0.0059204101562500 0.0419921875000000 0.0000000000000000
0.0159301757812500 0.0394897460937500 0.0000000000000000 0.0000000000000000
0.2376098632812500 0.0000000000000000 0.0000000000000000 0.0000000000000000
0.5531616210937500 0.0000000000000000 0.0000000000000000 0.0000000000000000
0.5245971679687500 0.0000000000000000 0.0000000000000000 0.0000000000000000
0.4173583984375000 0.0000000000000000 0.0000000000000000 0.0577392578125000
0.2733764648437500 0.0000000000000000 0.0000000000000000 0.0000000000000000
0.1493530273437500 0.0000000000000000 0.0000000000000000 0.0000000000000000
0.1626586914062500 0.0000000000000000 0.0000000000000000 0.0000000000000000
0.0069580078125000 0.0000000000000000 0.0109863281250000 0.0000000000000000
0.0000000000000000 0.0000000000000000 0.0000000000000000 0.0000000000000000
0.0000000000000000 0.0000000000000000 0.1741333007812500 0.0000000000000000
0.0000000000000000 0.0000000000000000 0.0000000000000000 0.0653686523437500
0.0000000000000000 0.0000000000000000 0.0000000000000000 0.0000000000000000
0.0000000000000000 0.0000000000000000 0.0000000000000000 0.0000000000000000
0.0103149414062500 0.0000000000000000 0.0000000000000000 0.0000000000000000
0.0000000000000000 0.0000000000000000 0.0000000000000000 0.0000000000000000
0.0254516601562500 0.3341064453125000 0.0000000000000000 0.0000000000000000
0.0013427734375000 0.2845458984375000 0.0928344726562500 0.0000000000000000
0.0000000000000000 0.0465698242187500 0.1463623046875000 0.0000000000000000
0.0000000000000000 0.0000000000000000 0.0000000000000000 0.0000000000000000
0.0397338867187500 0.0000000000000000 0.0000000000000000 0.0000000000000000
0.0166625976562500 0.0000000000000000 0.0019531250000000 0.0000000000000000
0.0026855468750000 0.0000000000000000 0.0000000000000000 0.0000000000000000
0.0000000000000000 0.0000000000000000 0.0000000000000000 0.0000000000000000
0.0867919921875000 0.0490722656250000 0.0202636718750000 0.0000000000000000
0.0000000000000000 0.0000000000000000 0.0803833007812500 0.0000000000000000
0.0000000000000000 0.0000000000000000 0.1646728515625000 0.0000000000000000
0.0000000000000000 0.0000000000000000 0.3167114257812500 0.0000000000000000
0.0000000000000000 0.0822143554687500 0.3745727539062500 0.0000000000000000
0.0000000000000000 0.0305786132812500 0.4885864257812500 0.0000000000000000
0.0000000000000000 0.3008422851562500 0.2977905273437500 0.0000000000000000
0.0000000000000000 0.2908935546875000 0.3656616210937500 0.0000000000000000
0.0000000000000000 0.2476806640625000 0.2485961914062500 0.0000000000000000
0.0000000000000000 0.0000000000000000 0.2517700195312500 0.0000000000000000
0.0000000000000000 0.0000000000000000 0.0524291992187500 0.0000000000000000
0.0000000000000000 0.0000000000000000 0.0000000000000000 0.0000000000000000
0.1362304687500000 0.0000000000000000 0.0000000000000000 0.0000000000000000
0.0960083007812500 0.0000000000000000 0.0000000000000000 0.0000000000000000
0.0883789062500000 0.0000000000000000 0.0000000000000000 0.0000000000000000
0.0000000000000000 0.0000000000000000 0.0438842773437500 0.0000000000000000
0.0000000000000000 0.0000000000000000 0.1331787109375000 0.0000000000000000
0.0000000000000000 0.0000000000000000 0.0000000000000000 0.0357666015625000
0.0000000000000000 0.0000000000000000 0.0000000000000000 0.0000000000000000
0.0015258789062500 0.0000000000000000 0.0000000000000000 0.0000000000000000
0.0000000000000000 0.0000000000000000 0.0000000000000000 0.0000000000000000
0.0061645507812500 0.0000000000000000 0.0000000000000000 0.0000000000000000
0.0000000000000000 0.0451049804687500 0.0018920898437500 0.0000000000000000
0.0653076171875000 0.3361816406250000 0.0000000000000000 0.0000000000000000
0.0000000000000000 0.0206909179687500 0.1363525390625000 0.0000000000000000
0.0524902343750000 0.0000000000000000 0.0000000000000000 0.0000000000000000
0.0753784179687500 0.0000000000000000 0.0000000000000000 0.0000000000000000
0.0381469726562500 0.0000000000000000 0.0000000000000000 0.0000000000000000
0.0346069335937500 0.0000000000000000 0.0000000000000000 0.0000000000000000
0.0689086914062500 0.0000000000000000 0.0000000000000000 0.0000000000000000
0.0774536132812500 0.0456542968750000 0.0000000000000000 0.0000000000000000
0.1687622070312500 0.0000000000000000 0.0000000000000000 0.0000000000000000
0.1453247070312500 0.0000000000000000 0.0000000000000000 0.0000000000000000
0.1389770507812500 0.0000000000000000 0.0000000000000000 0.0363159179687500
0.1658325195312500 0.0000000000000000 0.0000000000000000 0.0051879882812500
0.1770629882812500 0.0000000000000000 0.0000000000000000 0.0000000000000000
0.1087646484375000 0.0000000000000000 0.0000000000000000 0.0000000000000000
0.1047973632812500 0.0000000000000000 0.0805664062500000 0.0000000000000000
0.0000000000000000 0.0000000000000000 0.2086791992187500 0.0000000000000000
0.0000000000000000 0.0000000000000000 0.3073730468750000 0.0000000000000000
0.0000000000000000 0.0000000000000000 0.1026611328125000 0.0000000000000000
0.0000000000000000 0.0000000000000000 0.0000000000000000 0.0000000000000000
0.0977783203125000 0.0000000000000000 0.0000000000000000 0.0000000000000000
0.0000000000000000 0.0000000000000000 0.0000000000000000 0.0000000000000000
0.0862426757812500 0.0000000000000000 0.0000000000000000 0.0000000000000000
0.0000000000000000 0.0000000000000000 0.1339111328125000 0.0000000000000000
0.0000000000000000 0.0000000000000000 0.0186157226562500 0.0472412109375000
0.0000000000000000 0.0000000000000000 0.0000000000000000 0.0000000000000000
0.0104370117187500 0.0000000000000000 0.0000000000000000 0.0000000000000000
0.0172729492187500 0.0000000000000000 0.0000000000000000 0.0000000000000000
0.0110473632812500 0.0000000000000000 0.0000000000000000 0.0000000000000000
0.0000000000000000 0.0000000000000000 0.0000000000000000 0.0000000000000000
0.0000000000000000 0.0000000000000000 0.0000000000000000 0.0000000000000000
0.0007934570312500 0.3111572265625000 0.0000000000000000 0.0000000000000000
0.0126342773437500 0.2330932617187500 0.0608520507812500 0.0000000000000000
0.0000000000000000 0.1176757812500000 0.0491943359375000 0.0000000000000000
0.0996093750000000 0.0000000000000000 0.0000000000000000 0.0000000000000000
0.0350341796875000 0.0000000000000000 0.0000000000000000 0.0000000000000000
0.0377197265625000 0.0000000000000000 0.0000000000000000 0.0000000000000000
0.0856323242187500 0.0000000000000000 0.0000000000000000 0.0000000000000000
0.0667724609375000 0.0047607421875000 0.0000000000000000 0.0000000000000000
0.0000000000000000 0.0241699218750000 0.0604858398437500 0.0000000000000000
0.0000000000000000 0.0000000000000000 0.0269165039062500 0.0000000000000000
0.0548095703125000 0.0000000000000000 0.0000000000000000 0.0000000000000000
0.4147949218750000 0.0000000000000000 0.0000000000000000 0.0000000000000000
0.6309204101562500 0.0000000000000000 0.0000000000000000 0.0000000000000000
0.6212768554687500 0.0000000000000000 0.0000000000000000 0.0000000000000000
0.5581054687500000 0.0000000000000000 0.0000000000000000 0.0000000000000000
0.2564697265625000 0.0000000000000000 0.0000000000000000 0.0000000000000000
0.0073242187500000 0.0000000000000000 0.0000000000000000 0.0000000000000000
0.0000000000000000 0.0000000000000000 0.0000000000000000 0.0000000000000000
0.1082153320312500 0.0000000000000000 0.0000000000000000 0.0000000000000000
0.0693359375000000 0.0000000000000000 0.0000000000000000 0.0000000000000000
0.0675048828125000 0.0000000000000000 0.0000000000000000 0.0000000000000000
0.0053100585937500 0.0000000000000000 0.0264282226562500 0.0000000000000000
0.0000000000000000 0.0000000000000000 0.1604614257812500 0.0000000000000000
0.0000000000000000 0.0000000000000000 0.0000000000000000 0.0433959960937500
0.0000000000000000 0.0000000000000000 0.0000000000000000 0.0000000000000000
0.0069580078125000 0.0000000000000000 0.0000000000000000 0.0000000000000000
0.0003662109375000 0.0000000000000000 0.0000000000000000 0.0000000000000000
0.0005493164062500 0.0000000000000000 0.0000000000000000 0.0000000000000000
0.0000000000000000 0.0000000000000000 0.0000000000000000 0.0000000000000000
0.0100097656250000 0.0000000000000000 0.0000000000000000 0.0000000000000000
0.0000000000000000 0.0320434570312500 0.0120849609375000 0.0000000000000000
0.0802001953125000 0.3836669921875000 0.0000000000000000 0.0000000000000000
0.0021362304687500 0.0669555664062500 0.0778198242187500 0.0000000000000000
0.1520996093750000 0.0000000000000000 0.0000000000000000 0.0000000000000000
0.0780639648437500 0.0000000000000000 0.0000000000000000 0.0000000000000000
0.0439453125000000 0.0000000000000000 0.0000000000000000 0.0000000000000000
0.0537109375000000 0.0000000000000000 0.0000000000000000 0.0000000000000000
0.0129394531250000 0.0000000000000000 0.0000000000000000 0.0000000000000000
0.0000000000000000 0.0000000000000000 0.1361694335937500 0.0000000000000000
0.0000000000000000 0.0000000000000000 0.2340698242187500 0.0000000000000000
0.0000000000000000 0.0858154296875000 0.2437133789062500 0.0000000000000000
0.0000000000000000 0.1608886718750000 0.2290039062500000 0.0000000000000000
0.0000000000000000 0.1470947265625000 0.2241210937500000 0.0000000000000000
0.0000000000000000 0.1343383789062500 0.1994018554687500 0.0000000000000000
0.0000000000000000 0.0000000000000000 0.2554931640625000 0.0000000000000000
0.0000000000000000 0.0000000000000000 0.1649169921875000 0.0000000000000000
0.0000000000000000 0.0000000000000000 0.0040283203125000 0.0000000000000000
0.0000000000000000 0.0000000000000000 0.0000000000000000 0.0000000000000000
0.1038818359375000 0.0000000000000000 0.0000000000000000 0.0000000000000000
0.0482177734375000 0.0000000000000000 0.0000000000000000 0.0000000000000000
0.0722656250000000 0.0000000000000000 0.0000000000000000 0.0000000000000000
0.0000000000000000 0.0000000000000000 0.1073608398437500 0.0000000000000000
0.0000000000000000 0.0000000000000000 0.0507812500000000 0.0458984375000000
0.0000000000000000 0.0000000000000000 0.0000000000000000 0.0000000000000000
0.0104370117187500 0.0000000000000000 0.0000000000000000 0.0000000000000000
0.0000000000000000 0.0000000000000000 0.0000000000000000 0.0000000000000000
0.0060424804687500 0.0000000000000000 0.0000000000000000 0.0000000000000000
0.0025024414062500 0.0000000000000000 0.0000000000000000 0.0000000000000000
